0.79
8.87
1.12
-0.01
-1.12
-3.06
-0.02
-0.79
-0.67
-0.25
-2.28
0.01
0.19
3
0.19
4.81
0.01
1.77
0.37
1.68
0.54
0.1
0.5
0.03
5
8.81
0.6
0.6
0.01
0.98
-0.01
-0.05
0.01
0.03
0.02
-0.06
-0.29
0.01
-0.01
0.01
0.01
0.56
0.88
1.77
0.12
0.99
0.01
0.02
0.12
4.85
0.01
0.01
0.01
3.14
0.14
0.04
1.66
0.02
1.74
2.34
0.9
0.01
3.73
0.26
0.04
0.06
0.13
0.76
0.01
0.02
7.46
0.22
0.01
1.95
0.33
0.01
-0.01
0.01
-0.01
-2.49
-3.7
-2.07
-0.7
-0.37
0.02
-0.01
0.01
-0.01
-2.39
-0.83
-1.37
-0.01
0.01
-0.01
0.01
1.37
2.55
3.28
0.74
1.94
0.02
2.25
0.16
0.27
0.72
2.37
2.29
0.86
0.11
0.85
-0.01
-1.72
-5.63
2.53
3.64
5.33
1
2
2
0.76
3.21
0.97
-0.94
-4
-5.72
7.34
0.01
1.97
-4.18
-2.5
-13.43
-0.68
-2.79
-1.04
-0.49
-0.62
0.01
-2.86
-0.02
0.01
-0.01
-1.66
-0.83
-2.51
-3
3.96
0.04
4.01
-2.74
2.73
0.01
-4.27
2.01
-1.68
-0.07
-0.07
-1.72
3.54
0.05
0.04
0.1
0.05
2.01
0.01
0.14
3.08
1.78
0.03
0.56
4.4
0.22
0.03
1.61
-1.61
-0.05
0.01
-0.02
-0.19
-2.29
-4.82
-0.17
-0.01
-0.01
-1.9
1.69
-1.69
1.64
-2.43
-0.01
0.01
0.01
-0.02
0.01
0.02
0.97
1.65
4.72
-0.01
-0.01
-0.01
-0.02
-0.01
-0.31
-2.47
