1.25
-1.25
0.02
1.03
0.11
0.09
0.13
0.01
-0.13
-0.01
0.01
0.06
0.01
-0.01
0.01
-0.01
0.01
1.62
0.88
2.05
0.39
0.06
0.12
-0.01
0.01
-0.01
0.01
1.42
0.36
0.01
-0.01
0.01
0.01
0.85
0.01
-0.01
0.01
0.94
0.02
1
1.48
0.72
0.83
0.01
-0.01
0.01
-0.01
0.01
0.01
-0.01
0.01
0.01
2.46
-0.04
0.08
-0.01
0.01
-0.01
0.01
-0.01
0.01
-0.01
0.01
-0.01
0.01
-0.01
0.01
-0.01
0.01
-0.01
0.01
-0.01
0.01
-0.01
0.01
-0.01
0.01
-0.01
0.01
-0.01
0.01
-0.01
0.01
-0.01
0.01
-0.01
0.01
-0.01
-0.02
0.03
0.12
0.45
-0.57
-0.01
0.01
-0.01
0.01
-0.01
0.01
0.09
-0.01
-0.08
-0.01
0.01
0.09
0.5
1.91
2.5
1.64
2
-8.64
-0.01
0.03
2.56
-0.01
-2.54
2.52
-0.1
-0.01
0.01
4.05
2.79
0.01
0.62
1.7
-0.01
0.01
0.02
1.95
-0.01
-1.94
-1.01
2.58
-1.59
-1
0.15
-0.14
0.09
0.23
-0.23
-0.01
0.01
-0.01
0.01
-0.01
0.01
-0.01
0.01
0.23
3.91
1.08
0.68
0.68
1.18
0.14
-7.88
-0.01
-0.01
7.89
0.01
-0.01
-0.06
-0.01
0.01
-0.01
0.01
0.07
0.52
2.26
0.22
-0.01
-2.01
0.01
-0.01
-0.98
-0.07
1.07
1.43
0.56
0.01
-0.01
0.01
-0.01
0.01
-0.01
0.01
-0.01
-0.04
-0.93
0.01
-0.01
-0.02
-2.09
-0.91
0.01
-0.01
-5.99
-0.01
-0.89
-0.02
-0.09
0.01
-0.01
-1
-0.83
-1.17
0.01
2.5
0.5
-2.96
0.01
-0.01
0.01
2.5
0.45
4.46
0.09
0.64
0.37
-1.95
-4.6
5.69
-0.11
-0.01
-3.58
-0.01
0.01
2.06
0.01
-0.01
0.01
0.52
-2.59
4.98
-1.43
1.2
-4.75
-0.01
0.01
-0.01
-1.99
-0.01
0.01
-0.01
0.01
0.09
1.9
-0.1
-1.79
-0.01
0.01
1.79
-1.88
1.88
0.11
-0.01
0.01
0.26
2.24
2.47
0.01
-0.01
0.01
1.01
1.49
0.02
1.55
0.01
-0.01
0.01
-0.01
0.01
0.83
0.1
-0.92
-0.01
0.92
0.01
0.02
0.55
0.07
0.12
0.24
0.1
0.9
3
0.02
1.93
2.04
0.08
0.7
-5.3
-2.46
0.01
6.25
-0.26
-0.14
0.01
0.07
1.72
0.33
-0.01
0.01
-0.01
-0.01
0.01
-0.01
-6.66
-1.28
1.4
-0.01
-0.11
-1.27
7.69
-6.49
1.75
0.94
3.87
0.07
0.01
0.08
0.01
-0.02
-0.01
0.01
-0.01
0.01
-0.01
0.01
-1.95
-0.01
0.01
-0.01
-4.71
4.61
-4.54
4.54
0.11
-4.21
-0.01
-0.01
4
-0.01
0.02
0.81
-5
3.13
-2.7
0.19
-0.15
0.41
0.01
-0.42
-0.01
-0.01
0.43
-0.43
-1.7
-0.35
0.01
-0.01
0.01
-0.01
-2.93
-12.2
11.88
-7.76
0.01
-0.94
-0.05
0.18
0.01
-0.01
0.01
-0.01
0.01
5
4.38
0.68
0.13
0.01
-0.01
-0.31
0.01
0.05
0.26
-0.01
0.01
-0.01
0.01
-0.01
0.01
-0.01
-0.09
0.01
0.09
0.22
0.01
0.37
1
0.9
0.52
-3.1
-0.02
-3.06
0.03
0.01
-0.13
0.13
-0.01
0.01
-0.01
0.01
0.17
-0.01
0.01
-0.01
0.01
5.49
-0.04
0.04
-0.04
-0.01
0.06
0.05
0.54
0.62
0.66
0.01
0.19
-0.01
0.02
0.02
-0.01
-0.02
-0.01
0.03
0.01
-0.01
0.01
2.46
-1.5
-0.01
1.52
-0.01
0.88
-0.01
0.01
0.1
0.01
0.1
0.4
1
0.02
0.9
0.08
0.05
1.65
0.3
-0.01
0.01
0.06
0.94
0.04
0.41
0.03
0.52
0.94
0.06
0.63
0.05
0.01
0.26
0.08
0.47
0.16
0.23
0.11
0.06
0.36
0.29
0.01
0.01
0.16
0.1
0.01
0.02
0.53
0.44
0.01
0.02
0.18
0.1
0.08
0.67
1.45
-1.31
1.31
0.31
1.19
0.1
0.92
0.18
0.3
0.55
0.02
0.02
0.9
0.01
0.49
0.47
0.14
0.7
0.81
0.39
0.02
0.11
0.37
0.49
0.01
0.05
0.95
1.11
0.98
0.01
1.05
0.02
0.03
0.85
1.33
1.07
0.55
0.02
0.08
0.6
0.28
0.01
0.01
0.5
0.55
0.51
0.62
0.11
0.15
0.42
0.62
0.03
-1.5
-0.01
0.01
-0.01
0.01
1.97
1.79
2.23
1.67
-1.67
0.32
1.57
-1.88
-0.01
-6
0.01
-0.01
5.82
-5.82
5.81
-5.81
0.01
1.79
0.02
0.01
4.05
-5.83
-0.05
0.01
7.88
-1.11
-6.73
-0.01
6.73
-6.72
-2.04
9.98
0.01
0.2
0.61
0.19
0.05
0.57
1.36
0.01
0.84
1.03
-0.01
-0.01
-12.83
-0.01
0.03
12.76
-1.82
1.85
-12.59
11.24
1.39
0.08
-12.7
-0.23
2.3
-1.9
1.88
-1.88
1.59
0.25
3.66
0.83
0.46
-5.13
0.03
-0.09
-0.01
0.1
0.94
-0.96
-0.01
-0.06
-0.01
-4
-0.39
-2.08
-1.21
-0.27
-0.1
-0.93
10.02
-0.01
-0.53
0.01
0.51
-0.01
0.01
-0.01
0.01
-0.01
0.01
0.01
9.97
1.92
-0.02
-1.9
0.01
1.91
0.3
1.77
0.01
-13.77
-0.01
11.85
-0.03
0.01
-0.02
-7.53
0.01
3.69
2.86
1.16
-1.08
0.06
1.61
-0.17
-0.05
0.01
0.11
-0.01
-0.29
-1.21
0.01
-0.01
-0.15
-1.03
-3.02
-1.98
0.01
-0.02
-0.01
0.01
-0.01
0.01
-0.01
0.01
-0.01
-0.01
-2.91
2.81
-4.74
-0.13
-0.02
4.15
-4.56
-0.01
0.01
-0.01
0.01
-0.01
0.01
-0.01
0.01
-0.01
-0.01
-0.07
0.07
0.01
-0.01
0.01
-0.08
-2.71
0.1
-0.01
-0.09
-1.76
-0.03
4.09
0.01
-0.03
0.01
-2.28
2
-1.99
-0.01
-1.79
-1.41
-0.95
-3.64
-2.37
-0.25
-0.34
-1.03
-0.02
-0.92
-0.35
-1.69
-0.99
-0.32
5.91
-5
-1.62
0.64
0.01
0.63
0.01
17.73
0.04
-5.63
-0.07
-0.51
0.47
-0.89
-0.17
-1.93
-0.01
1.36
0.07
0.01
-0.01
0.01
-0.01
0.01
-0.01
0.01
-0.01
0.01
0.09
0.03
2.1
0.02
0.53
0.01
0.44
4.55
0.04
0.39
0.26
-5.24
4.55
0.68
0.08
0.01
0.51
-0.01
0.01
-0.01
0.01
0.09
0.51
-0.01
0.01
-0.01
0.01
-0.01
0.01
-0.01
0.01
0.01
1.19
-0.01
0.01
0.31
-0.01
-0.04
0.05
1.07
-0.01
0.99
0.01
-0.01
0.01
-0.01
0.01
-0.01
0.01
-0.01
0.01
0.02
2.48
0.73
1.43
0.34
0.02
0.1
0.33
-0.01
0.01
0.09
0.4
1.01
0.55
0.5
0.2
0.24
0.2
1.24
0.12
0.02
0.42
0.21
0.08
0.32
0.2
-0.08
0.07
-0.01
0.02
0.09
1.35
0.31
0.97
0.13
0.06
0.05
0.75
0.01
0.03
0.29
0.02
0.87
1.27
1.26
-3.72
3.71
0.3
0.1
0.64
0.16
0.09
0.01
0.02
0.69
0.28
0.41
0.35
0.01
1.55
0.33
-0.01
0.01
-0.01
0.01
0.41
0.05
0.31
0.19
0.01
0.27
-0.01
0.01
0.12
0.02
0.24
0.13
0.07
-0.01
0.01
-0.01
0.01
-0.01
0.01
0.58
0.01
0.19
-0.01
0.01
0.75
0.01
0.49
1.5
8
-0.01
0.01
-0.01
0.01
-0.01
0.01
-0.01
0.01
-0.01
0.01
-0.01
0.01
-0.01
0.01
-0.01
-0.08
-2.44
-3.4
-0.01
0.01
-0.01
-1.03
-3.97
-1.03
-0.3
6.3
-2.31
-0.22
-5.34
0.01
-0.01
0.01
-0.01
-0.05
-2.05
-0.31
-0.72
-0.02
0.01
-0.01
-2
-0.44
0.01
-0.01
0.01
-0.01
0.01
-0.01
-1.51
-0.76
-0.27
-2.46
-1.31
-0.2
-1.03
-0.02
-1.98
-3
-0.02
-1.84
-1.34
-1.5
-0.24
0.04
3.78
0.1
1.47
4.81
-7.64
1
-2.63
0.04
0.27
-0.13
-0.03
2.89
-1.16
-0.12
-0.18
0.01
0.11
9.71
0.99
-0.01
0.01
-0.01
0.01
-0.01
0.01
-0.01
0.01
-0.01
0.01
-0.01
0.01
-0.01
0.01
-0.01
-0.07
-0.03
-0.2
-3.1
0.01
-0.01
-4.34
-0.86
-1.69
-2
-0.01
-0.01
0.01
0.08
0.01
2.39
0.01
-0.01
0.01
-0.01
0.01
-0.01
0.01
-0.01
0.01
-0.01
0.01
-0.01
0.01
-0.01
0.01
-0.01
0.01
-0.01
0.01
-0.01
0.01
-0.01
0.01
0.09
0.02
0.3
0.45
-0.46
-0.41
0.27
0.01
-0.01
0.01
-0.01
0.01
0.09
2.15
1.23
0.34
2.33
-6.12
-0.02
-0.01
0.01
3.54
0.27
-3.81
-0.01
0.01
-0.01
0.01
-0.01
0.01
-0.01
0.01
1.12
-1.13
1.13
0.01
0.01
-0.01
0.01
-0.01
0.01
-0.01
0.01
-0.01
0.01
-0.01
0.01
-0.01
0.01
-0.01
0.01
-0.01
0.01
-0.01
0.01
-0.01
0.01
-0.01
-0.01
-1.41
-1.07
-1.07
-0.42
-0.01
-0.98
-0.02
-0.02
-0.17
-0.86
-0.01
-0.4
-0.01
0.01
-0.01
-0.03
-0.46
-0.42
-0.09
-0.53
-0.89
0.06
0.03
-0.09
-0.01
0.01
-0.01
0.01
0.77
0.01
0.01
2.5
0.34
-0.01
0.01
0.09
2.41
2.42
0.04
0.19
0.11
0.93
2.83
1.24
0.35
-0.58
0.73
-0.01
0.01
0.09
-0.01
0.01
-0.01
0.01
1.11
0.09
0.01
0.08
1.12
0.09
0.9
-1
1.01
0.16
0.14
0.2
1.04
1.54
2.92
-5.13
0.94
-0.01
0.01
0.17
2.33
1.69
-0.01
0.01
-0.01
0.01
-0.01
0.01
-0.01
0.01
-0.01
0.01
0.61
-0.01
0.01
0.01
0.38
0.72
1.28
-0.01
0.01
0.16
1.34
0.5
4
-0.01
0.01
-0.01
0.01
-0.01
0.01
-0.01
0.01
-0.01
0.01
-0.01
0.01
1
-0.01
0.01
4.44
-2.95
-0.01
0.01
-0.01
0.01
-0.01
0.01
-0.01
0.01
-0.01
-0.08
-0.39
-0.01
-1
0.01
-0.01
-0.01
-0.98
-0.01
-4
3.5
-1.71
-0.01
-3.27
-0.01
0.01
-0.01
0.01
0.02
0.07
3.68
0.09
1.63
0.01
0.09
-0.01
-2.58
-2.94
5.12
-0.19
0.01
0.11
-0.11
0.01
0.48
0.51
0.49
-0.1
-0.95
0.01
0.09
-0.09
0.94
-0.01
0.01
0.09
0.01
0.03
0.05
1.91
0.01
0.09
0.91
1.5
0.48
0.02
0.02
0.23
0.26
0.09
1.39
0.78
0.22
0.5
0.51
0.1
0.59
0.2
0.11
0.02
0.92
0.06
0.05
3.83
0.12
0.02
0.87
0.11
0.59
0.41
2.3
0.68
0.02
1.18
-0.01
0.01
0.09
0.39
0.01
0.98
2.29
-2.07
0.01
-0.01
0.01
-0.01
0.01
-0.01
-1.7
-0.12
-1.02
-0.01
-3.97
-1.03
-0.02
-3.94
-0.01
-1.04
-0.01
-4.9
0.01
0.39
-0.01
0.01
-0.01
-0.01
-3.58
-1.88
2.82
-0.21
-0.13
-2.2
-0.22
0.01
-0.01
-0.08
0.01
-0.01
0.01
-0.01
-0.1
-0.11
-0.79
0.51
0.27
-0.78
0.49
-0.97
-0.12
-2.86
-0.12
-0.66
-0.01
-0.7
-0.48
-2.56
3.05
-0.57
0.01
-1.57
1.57
-0.3
-1.73
0.01
-0.08
0.06
-0.45
-0.41
-0.3
-0.28
-0.02
1.42
0.02
-1.44
1.45
0.02
0.01
-0.01
0.53
1
0.95
-0.01
0.01
-0.01
0.01
-0.01
0.01
-0.01
0.01
-0.01
0.01
-0.01
-0.94
-2.88
-0.12
-0.01
-1.05
0.01
-0.01
0.01
-0.01
-0.9
-0.14
-2.09
-0.01
-0.78
-0.02
-0.11
-3.2
-1.67
-0.01
-0.01
0.01
-0.01
0.01
-0.01
0.01
-0.01
0.01
-0.01
-0.59
-0.02
-0.11
-0.96
1.05
-0.11
-0.95
0.54
-0.46
-0.22
-0.01
-0.32
0.01
-0.01
0.01
-0.01
-2.8
-0.01
2.43
-2.43
-0.01
-0.82
0.83
-0.26
-0.02
-0.5
-0.17
-0.01
0.01
-0.04
-2.03
-0.96
-0.88
2.38
-0.01
-0.01
0.01
0.01
-0.01
0.01
-0.01
0.01
0.05
-0.02
0.01
-0.01
0.01
0.09
0.09
-0.01
2.33
6.85
-0.01
0.01
-0.01
-0.03
-0.1
-4.93
-1.51
0.01
-0.01
0.01
-0.01
0.01
-0.01
0.01
-0.01
0.01
-0.01
0.01
-0.01
-0.01
-2.56
-0.18
-0.02
-0.01
-0.01
-2.08
1.98
-2.46
-0.01
-0.21
-1.26
-2.43
0.22
-0.22
0.21
-0.21
-1.07
-0.01
0.68
-0.68
1.3
-0.42
0.1
0.33
-0.16
0.03
0.13
2.72
0.95
0.56
4.1
0.33
-0.01
0.01
-0.01
-0.07
0.01
-0.01
-4.86
-0.01
0.01
-0.01
0.01
-0.01
0.01
0.38
-0.01
0.01
-0.01
0.01
4.54
0.03
-0.01
0.01
0.92
4.08
1.63
0.23
0.14
0.01
2.87
2.12
0.38
-4.51
-0.39
-0.47
-2.01
3.15
-0.07
-0.01
-3.07
2.92
-2.92
-1.98
-1.56
-1.44
-0.02
7.63
0.22
4.53
-0.46
0.01
-8.91
-3.02
1.31
-0.01
0.01
-0.01
0.01
5.77
0.14
1.79
0.67
-0.01
0.03
2.08
-0.1
-1.47
-0.06
-0.01
-0.06
0.13
-3.13
-0.01
-5.77
-0.01
-1.28
9.98
-0.01
-0.06
-3.94
-2.9
-0.06
-3.02
5.86
-0.01
-5.8
4.96
-0.01
-0.01
-4.97
5.98
-5.6
5.6
-2.2
0.01
0.19
2
1
1.74
-0.01
-1.74
-3.18
-0.01
2.13
-0.92
0.96
2.73
-0.01
-3.67
0.92
-0.01
-0.92
-0.01
-1.2
0.92
-0.12
-0.6
0.72
-0.02
-0.01
-0.71
0.01
-1.98
-0.01
-1.99
-0.01
1.77
0.01
-1.78
0.01
0.01
-0.01
0.01
-0.01
0.01
0.07
2.43
0.09
1.8
0.01
-0.01
-0.01
0.01
-0.01
-4.07
0.75
3.22
0.01
0.09
-0.04
-0.03
-0.05
-3.96
-0.01
-0.29
0.17
-0.18
3.98
-0.01
-3.75
-0.03
-0.01
0.01
-0.01
0.01
0.05
-0.01
0.01
-0.01
-0.05
0.05
-0.01
0.02
-0.01
-0.01
0.02
0.04
1.01
0.06
0.01
0.19
-0.01
0.01
0.09
2.35
-0.05
-0.01
-1.93
-0.46
2.36
-0.01
-2.34
-0.01
-0.55
-0.54
-0.07
-0.16
-0.01
-0.02
-0.01
-0.18
0.51
-0.01
-0.51
-0.01
-0.98
-0.01
-2.61
-0.01
0.01
-0.01
0.01
0.12
-0.12
0.13
-0.14
0.01
0.13
-0.01
0.01
2.5
0.98
1.52
0.54
0.94
-6.48
-0.01
0.01
2.5
1.97
-0.02
-4.22
0.03
-0.01
0.01
-0.01
-0.26
-0.01
-0.12
-0.38
0.77
-0.77
-0.48
-0.07
-0.02
-0.01
0.01
-0.01
0.01
-0.01
0.01
-0.01
0.01
-0.01
-0.42
-0.19
-0.03
-0.55
-0.7
-3.02
-0.02
-0.46
-0.01
-0.02
-0.89
-0.5
-0.61
-0.67
-0.4
-0.8
-0.52
-0.19
0.01
-0.01
-0.01
-0.39
-0.02
0.01
-0.01
0.01
-0.01
-0.96
-2.17
-0.91
-0.94
-0.02
-0.75
-0.21
-0.98
-2.39
-0.24
-0.41
-0.02
-0.96
-0.98
-1.52
-0.02
-0.29
-0.17
-0.01
-0.15
0.02
0.01
-0.03
-0.24
-0.34
-0.16
-0.96
-1.02
-0.01
-0.11
-1.06
-0.15
-0.8
-0.22
-0.24
-0.57
0.01
-0.03
-0.02
-0.98
-0.49
-0.26
-0.25
-1.25
-0.14
-0.11
-0.45
-1.03
-0.74
-0.24
-0.11
-0.71
-0.14
-0.02
-0.06
-0.21
-0.82
-0.01
-0.16
-0.39
0.57
-0.58
0.57
-1.72
-0.23
-0.02
-0.96
-0.58
-1.45
-0.81
-0.01
-0.14
-0.05
-0.34
-0.64
-0.02
-1.93
-0.01
-0.06
-0.54
-0.53
-0.22
-0.71
-1
-0.42
-0.48
-0.06
-0.49
-0.49
6.18
-4.99
-1.25
5.14
-5.12
-0.02
4.6
-0.28
0.01
-0.01
-0.6
-2.54
-3.13
-1.04
-0.01
-0.5
-0.46
-0.29
8.35
0.01
-0.01
0.01
0.25
0.01
-0.02
0.01
-0.01
0.01
0.01
2.83
0.3
-0.07
0.01
-0.01
0.02
-0.01
0.01
-0.01
-3.34
-8.5
-3.39
-0.08
-0.13
-0.9
-0.1
13.14
-5.8
-0.01
0.01
-0.01
0.01
-0.01
-0.01
-0.73
-2.23
-2.94
-1.42
7.14
-7.13
3.72
-0.14
-0.01
-0.71
-0.77
-1.95
-0.14
-0.01
-0.45
-0.3
-0.11
-7.14
-1
-0.9
-5.06
-0.05
0.96
-0.11
0.01
-0.01
-0.18
-4.66
-3.23
-4.24
-7.53
-1
11
3
6.85
-9.77
-0.02
-2.24
-8.3
0.01
0.01
0.98
-0.99
6.12
8.74
-4.57
1.09
0.8
-0.27
0.01
-0.01
0.01
0.31
1.38
0.01
1.64
0.04
-0.08
0.03
0.01
0.21
5.02
1.78
0.92
1.73
0.01
0.54
1.79
2.59
-0.01
-0.02
-0.84
-2.29
2.44
-0.31
-2
-0.35
1.78
-0.01
-0.08
-1.64
0.13
-0.01
-0.16
-0.01
-1
0.01
-0.01
-0.01
-1.51
-6.47
-2.01
-1.99
-0.01
0.01
-0.01
-9.48
0.02
0.44
-0.43
-0.01
-0.02
0.42
-0.01
0.01
0.01
9.06
1.99
0.51
1.48
-0.01
1.14
1.06
1.13
-0.01
1.49
3.06
-0.01
0.01
-0.01
0.01
-0.01
0.01
-0.01
0.01
-0.01
-4.54
-1.3
-5
0.01
10.83
-0.05
-2.73
-3.41
-3.65
9.8
-0.01
-10.45
10.46
-0.01
0.01
-0.01
0.01
-0.01
-0.79
-9.99
-0.01
10.68
-0.01
-7.12
-3.55
-0.01
-0.23
10.92
-0.01
0.01
0.11
0.01
0.16
0.03
0.01
-0.21
-0.01
-0.12
-0.16
-0.5
-9
-1.59
10.31
-10.05
7.5
-6.88
-0.63
7.54
-0.01
0.01
0.04
0.01
-0.01
0.01
-0.01
0.01
0.05
1.19
-0.08
0.03
-1.15
1.13
-0.01
-0.01
0.01
-0.01
0.03
0.01
-0.01
-1.19
1.2
-0.01
-1.43
-6.21
-0.01
0.01
-0.01
0.01
-0.01
0.01
0.54
0.08
3.44
3.19
-0.19
0.01
0.03
0.53
-0.01
0.7
-0.22
0.22
1.79
-2
0.85
0.01
1.23
0.01
-0.01
0.01
-0.01
0.01
-0.01
-9.28
2.5
1.49
-0.03
0.02
-0.72
3.41
-0.01
0.01
-0.01
0.01
-0.01
0.01
-0.01
0.01
-0.01
0.01
-0.01
0.01
-0.01
-2.36
-0.01
2.36
-0.01
-0.01
-2.34
2.35
-0.01
0.01
-0.01
-2.32
-0.01
-0.01
0.01
-0.01
-4.3
-0.7
-0.23
-0.64
-4.13
-2.6
-0.33
0.02
-0.02
-2.05
-0.01
-0.01
0.01
-0.01
0.01
-0.01
0.01
-0.01
0.01
-0.01
0.01
-0.01
0.01
0.09
-0.01
-0.08
-0.01
0.01
2.49
-0.92
-1.58
1.34
1.61
0.04
0.01
-0.01
0.01
-0.01
0.01
-0.01
0.01
-0.01
0.01
-0.01
0.01
-0.01
0.01
0.09
0.16
0.75
3.79
0.43
1.78
2.51
-0.01
0.15
-0.16
0.01
-0.01
0.01
-0.01
0.01
-0.01
0.01
-0.01
0.01
-0.01
0.01
-0.01
0.01
-0.01
0.01
-0.01
0.01
-0.01
0.01
-0.01
0.01
-0.01
0.01
-0.01
0.01
0.5
1
1.56
0.83
0.36
0.43
1.82
0.06
0.74
0.2
-0.01
0.01
-0.01
-0.01
0.02
-0.02
0.02
0.01
2.49
0.75
0.01
0.71
2.27
-1.3
0.01
0.03
-0.05
-1.31
0.52
0.78
-0.83
-0.01
-0.63
0.63
0.01
0.91
0.75
0.04
2.96
0.01
0.04
0.13
-0.23
-0.24
-1.87
2.03
0.07
0.23
0.93
1.54
0.01
0.19
0.33
1.18
0.01
-1.24
-0.85
0.04
-0.01
0.65
-0.94
0.29
1.66
0.01
0.53
1.06
0.09
-1.81
2.43
0.97
0.01
-5.46
-0.01
1.72
-0.66
0.61
-0.01
0.06
0.25
0.07
0.13
0.55
-0.01
-0.23
-0.01
-1
1.1
-1.07
-0.01
0.01
-0.01
0.01
0.61
1.57
0.01
1.53
1.64
2.25
0.01
0.34
0.01
-0.01
0.01
-0.01
0.01
-0.01
0.01
-0.01
0.01
0.08
-0.08
1.05
1.45
1.54
0.68
0.28
0.02
1.03
-3.88
-0.09
0.08
0.02
-0.01
0.01
2.49
2.53
-1.66
1.65
0.01
0.01
-0.01
-0.01
0.09
0.03
0.07
-0.01
-0.09
-0.08
-0.01
0.9
-0.1
0.01
0.03
0.1
-0.09
0.09
-0.09
0.09
0.03
0.01
-0.13
-0.01
-0.01
-0.03
-0.77
-0.03
0.8
-0.01
-0.01
0.01
-0.01
-0.07
0.01
-0.01
0.01
-0.01
-0.71
0.01
-0.01
0.01
-0.01
0.01
-0.01
-0.19
-4.72
-0.09
1.86
-2.02
-0.01
-0.02
-2.98
-0.01
0.01
-0.01
0.01
-0.01
0.01
-0.01
-0.01
-2.71
-0.01
-0.63
-0.15
0.01
-0.01
-0.5
-1.74
-0.01
-0.01
0.06
3.72
0.63
-0.01
0.01
1.87
0.11
0.12
0.74
0.01
0.25
1.32
-0.8
0.75
-0.25
0.01
0.34
0.05
-0.05
3.76
0.01
-0.01
0.01
-0.01
0.01
-0.01
0.01
-0.01
0.01
-0.01
0.01
-0.01
0.01
-0.01
-5
-0.42
0.02
-0.01
-0.01
-0.01
-0.44
-0.01
-2.36
-3.91
-0.47
0.02
-0.01
0.01
-0.01
-0.03
-0.01
-1.44
-0.01
0.01
-0.01
-0.56
0.01
-0.01
-0.02
-1.2
-2.8
-0.01
-0.01
-0.25
0.01
-0.02
-0.01
-1.3
-0.59
-1.39
-0.9
-0.04
-2.67
-0.02
-0.72
0.01
-0.06
-0.89
-0.1
-0.01
-0.23
0.01
-0.01
-2.98
-1.43
-0.85
-0.25
-2.49
0.01
-0.01
0.01
-0.01
0.01
2.5
-2.44
-0.01
-0.05
-0.01
0.01
-0.01
0.01
-0.01
0.01
-0.01
0.01
-0.01
0.01
-0.01
-0.01
-0.01
-0.58
-0.4
-0.57
-0.43
0.01
-0.01
-1.9
-0.5
-0.01
-0.58
-0.01
-0.25
0.01
-0.01
0.01
-0.01
0.01
-0.01
0.01
-0.01
-0.71
-1.04
-0.01
-0.99
-0.44
-0.23
-0.33
-0.52
-0.13
-0.33
-0.02
-0.96
-0.11
-0.05
-1.71
-1.12
-5
-0.99
-0.04
-0.02
-0.12
-0.78
-0.06
-0.14
-0.55
-0.04
-0.75
-0.02
-1.28
-0.01
-0.2
-1.05
-0.19
-0.52
-0.29
-0.31
-2.88
-0.01
-0.77
-0.01
-0.02
-0.9
-0.06
-0.2
-0.28
-0.01
-0.49
-0.06
-0.26
-0.73
-0.52
-0.44
-0.65
-0.01
-0.37
-0.02
-0.6
-0.3
-0.06
-0.58
-0.01
-1.09
-0.36
-0.61
-0.34
-0.05
-0.47
-0.01
-0.18
-0.32
-0.02
-0.06
-0.6
-0.01
-0.2
-0.03
-0.6
-0.44
-0.19
-0.61
-0.26
-0.27
-0.66
-0.02
-0.05
-0.98
-0.02
-0.23
-0.67
-0.27
-0.83
-1
-0.3
-0.41
-0.24
-0.03
-0.02
-0.12
-0.42
-0.4
-0.06
-0.9
-0.1
-0.82
-1.68
-0.78
-2.72
-0.13
-0.27
-0.6
-0.43
-1.57
-0.01
-0.78
-0.21
-0.14
-0.86
-0.3
10.3
-0.01
0.01
1
-0.01
0.01
1
0.6
0.4
0.5
8.47
0.03
0.23
6.52
1.15
0.33
0.01
0.01
-0.01
0.01
-0.01
0.01
0.35
0.01
-0.01
0.01
-0.01
0.01
-0.01
0.01
0.39
4.61
1.4
0.01
2.49
-0.01
-0.01
-2.48
-2.52
-2.51
0.01
-0.01
0.01
-0.01
0.01
-0.01
0.01
0.01
-0.01
-0.01
-0.08
-1.13
-0.16
-0.01
-0.45
-0.02
-0.13
-3.01
4.99
-0.04
0.06
0.18
1.94
0.87
-0.88
-2.12
-0.06
-1.68
-0.26
-3.7
8.7
-4.74
-1.78
6.51
0.02
2.5
2.5
0.7
0.11
0.25
0.94
-1.3
1.3
0.02
0.48
2.02
-0.01
0.01
2.48
0.02
2.5
1.52
0.33
-4.36
-0.01
0.01
2.5
2.49
0.01
0.01
0.13
1.38
0.13
-0.01
0.01
-0.01
0.01
-0.01
-5
-1
-0.02
0.01
-0.01
0.01
-0.01
0.01
-0.01
0.01
-0.01
0.01
-0.01
0.01
-0.01
0.01
-0.01
-9.41
-0.01
0.01
2.5
6.19
0.73
0.79
0.4
-6.38
-0.51
0.73
2.23
-0.01
0.01
-0.01
0.01
0.6
6.49
0.01
0.4
0.8
1.88
0.96
-0.01
0.01
-0.01
0.01
-0.01
0.01
-0.01
0.01
-0.01
0.01
-0.01
-4.03
-4.2
-0.1
-0.06
-0.63
-2.12
-1.68
-1.21
-0.4
1.82
-0.01
-3.91
-1.09
-0.04
-1.37
2.92
-0.01
0.01
-0.01
0.01
-0.01
0.01
-0.01
0.01
-0.01
0.01
2.5
0.96
1.38
0.01
-0.01
0.01
-0.01
-8.25
-1.41
-0.01
-1.48
-1.59
-0.02
-0.88
-0.01
-2.16
-6.95
-4.07
-0.36
-0.11
-0.06
4.85
0.01
3.66
1.95
0.92
-2.08
2.28
-2.23
2.23
0.01
-2.21
3.08
-4.8
1.35
0.07
0.05
3.33
-3.28
0.06
0.46
0.07
4.13
0.69
1.98
1.1
1.32
0.01
0.59
3.31
-0.01
0.01
0.5
0.81
0.38
0.02
0.17
2.46
0.98
0.39
0.45
0.53
0.02
1.7
0.78
0.8
1.7
1.09
0.2
0.71
0.5
0.72
1.78
0.02
1.26
0.01
0.17
0.01
0.03
0.26
0.69
-0.01
-5.14
-5.36
-1.94
-2.28
-2.1
14.43
-0.01
0.01
-0.01
0.01
-0.01
-10.04
-3.34
2.78
-1.6
7.15
3.37
-9.24
2.02
5.4
-5.52
6.49
0.52
0.97
1.05
0.02
0.58
0.35
0.04
0.83
0.13
0.45
1.59
0.95
0.01
0.02
1.03
0.05
0.1
0.16
0.57
1.47
-4.89
2.02
2.87
0.01
0.48
0.15
0.62
0.34
4.21
0.14
0.19
0.46
0.02
0.47
-1.34
2.65
-1.78
-0.01
-0.01
-0.02
0.01
0.02
-4.16
1.21
1.28
1.66
2.6
1.4
0.04
0.59
0.01
0.36
0.02
2.03
1.01
0.69
0.04
0.14
0.07
0.04
0.6
0.13
0.23
0.02
1.03
0.18
0.94
0.89
0.52
0.34
0.12
0.02
0.93
0.01
1.05
1.52
0.25
0.11
0.07
0.06
0.75
0.23
0.22
0.01
0.01
0.04
0.14
0.54
0.02
0.29
0.74
0.25
0.03
-6.33
6.86
0.36
0.84
0.22
0.21
0.55
0.16
0.01
-0.01
-3.61
-4.23
-0.01
2.02
0.37
1.25
0.01
2.05
0.18
-0.01
-2.22
-0.01
-1.01
-0.86
-0.51
-2.6
-0.01
0.01
-0.01
0.01
-0.01
0.01
-0.01
-0.27
-0.01
-0.01
0.01
-0.01
0.01
-0.01
-0.71
-0.55
-1.26
-0.01
-2.18
-2.82
-0.73
-0.03
-0.01
0.87
-1.02
0.01
-0.01
0.01
-0.01
0.01
-0.01
-0.28
0.01
-0.01
0.01
-0.01
0.01
-0.01
-0.98
-1.49
-0.41
-0.55
-0.01
-0.14
-0.04
-0.16
-0.96
-0.27
-0.81
-0.14
-0.02
-1.45
-0.3
-1.97
-0.02
-0.94
-0.01
-0.29
-0.02
-1.33
-0.74
-0.01
-0.64
-0.28
-1
-0.02
-1.3
0.01
-0.01
0.01
-0.01
-1.99
-0.94
-1.43
-0.27
-0.02
-0.01
-0.02
-0.96
-1.04
-2.02
-0.02
-0.03
-0.91
-0.02
-0.96
-2.04
0.01
0.01
0.29
2.2
2.5
2.16
-0.02
-3.47
-0.68
-0.22
0.02
2.5
0.8
-0.01
-0.33
-2.98
0.01
-1.72
-1.06
0.19
3.5
2.24
-1.82
0.01
2.49
0.42
0.01
3.57
0.61
1.71
0.06
-0.01
0.01
-0.01
0.01
-0.01
-4.98
-0.01
0.01
2.5
0.71
3.41
3.37
1.63
1.68
0.65
0.01
1.03
0.02
0.15
1.86
0.48
-0.01
0.01
-0.01
0.01
-0.01
-9.65
-2.18
-0.66
-0.01
0.01
-0.01
-1.75
-0.25
-3
-4.09
-0.68
0.08
0.05
-0.01
0.01
8.87
-0.01
0.01
5.72
0.61
0.64
0.13
0.62
0.01
0.46
0.96
1.02
0.52
0.75
3.64
0.07
0.01
0.01
-0.1
-5
-6.75
0.01
2.11
-4.62
4.94
0.15
-5.1
3.66
-3.69
0.08
-0.05
0.48
-1.21
0.01
0.74
0.21
0.3
-0.01
-1.25
0.01
0.01
-0.01
-0.1
-0.97
-3.25
-0.47
-4.13
-0.04
-0.34
-0.02
-0.02
-0.98
-1.77
-0.23
-1.93
-0.05
-0.02
-1.39
-1.55
-0.39
-0.02
-0.6
-0.48
-0.01
-0.54
-0.02
-0.96
-0.14
-1.62
-0.58
-0.65
-0.08
-0.57
-0.38
-0.02
-0.96
-0.4
-0.27
-0.31
-0.56
-1.15
-0.01
-0.29
-0.24
-0.01
-0.07
-0.73
-0.79
-0.07
-0.04
-0.06
-0.6
-0.38
-0.05
-0.01
-0.79
-1.16
-1.01
-0.02
-0.02
3.16
-3.16
-0.72
-0.24
-2.04
-1.98
-0.02
-0.96
-0.98
-1.47
-0.06
-0.48
-0.19
-0.84
-0.02
-0.96
-0.98
-1.05
-0.01
-1
-0.94
-0.04
-0.01
-0.01
-1
-1
-1
-2.9
-3.11
-1.09
-0.78
-0.02
-1.94
-0.16
-0.4
-0.26
-0.08
-0.26
-3.47
-0.15
-0.21
-0.63
-0.54
-0.55
-0.2
-0.25
-0.57
-0.33
-0.1
-0.25
-1.28
-0.01
-0.08
-0.03
-1.99
-0.28
-0.08
-0.21
-0.69
-0.11
-1.15
-1.22
-0.62
-0.73
-0.01
-0.26
-0.9
-1.9
-0.44
-1.03
-0.28
-0.01
-0.24
-0.2
-0.44
-0.46
-7
-1
-0.38
-0.72
-0.17
-0.63
-0.2
-2
-1
-0.06
-0.24
-0.64
-0.06
19.99
0.01
-2.95
-0.01
-0.15
3.11
2.41
0.82
-0.77
0.75
0.04
-0.01
0.01
2.74
0.01
-0.01
0.01
-0.01
0.01
1.85
0.29
0.01
1.25
-3.9
-0.11
-5.66
-1.19
-4.44
-1.25
2.33
-0.01
0.01
-0.01
0.01
-0.01
0.01
2.5
2.32
0.18
2.5
3.47
0.59
0.01
0.79
-0.01
-0.8
-2.2
0.01
-0.01
-5.71
-0.01
-3.64
-0.08
0.01
-0.01
0.01
0.01
2.01
0.49
0.75
-2.1
0.75
1.31
0.02
2.5
1.41
3.58
0.05
0.55
0.63
0.18
2.05
0.01
0.7
0.69
1.05
0.05
1.31
-0.01
1.3
0.01
2.8
0.01
1.13
-0.13
0.45
1.33
0.01
0.57
0.01
-0.01
-0.01
-0.53
-0.03
-0.01
-9.98
-0.01
-8.48
-1.5
-0.02
-1.19
-0.48
0.01
-0.01
0.01
-2.34
0.01
-4.33
0.01
0.05
2.45
5
5
0.67
0.14
0.93
0.9
1.4
-0.01
1.78
0.03
2.62
1.72
-0.05
-0.01
0.01
-0.01
0.01
-0.01
0.01
-0.01
-10.31
-4
-1.96
-6.36
-1.67
-0.01
-0.9
-1.53
-0.85
-0.01
-2.6
-0.01
0.01
0.05
1.73
-1.48
0.28
-2.58
-0.01
0.01
-0.01
-2.09
-0.01
0.01
-0.01
-4.28
-0.08
-0.64
-0.13
0.01
-0.01
-0.04
-0.73
-0.1
-0.91
-0.09
-0.49
0.01
-0.01
0.01
-0.01
0.01
0.05
2.45
0.69
0.01
-0.01
1.74
-0.01
0.01
-0.01
0.01
-0.01
-0.44
-0.15
-0.41
-3.05
-0.01
-0.87
0.01
-0.01
-0.02
-1.31
-0.18
-0.28
-0.01
-0.35
-0.22
-0.14
-0.33
-0.57
-0.1
-1
-1
-0.1
-1.76
0.01
-0.01
0.01
0.85
0.05
2.94
0.01
1.99
1.51
3.56
0.3
0.11
0.98
0.58
0.01
1.65
0.31
0.88
0.34
0.7
0.49
-0.01
0.26
0.26
-0.01
0.01
0.81
0.04
0.05
0.75
0.6
1.09
1.68
2.05
0.01
0.63
2.5
4.31
2.56
0.54
0.1
7.72
-10.52
0.02
5.12
1.45
0.22
-0.13
-0.01
0.01
0.48
0.12
-0.01
-0.11
-0.01
-0.45
-0.01
0.01
-0.01
0.01
-0.01
-0.02
-6.47
-4.27
-0.01
-3.76
-0.91
-0.33
-0.76
-2.72
-0.01
5.97
-0.01
0.01
-0.01
2.42
-1.75
4.26
-0.01
-4.91
-0.01
0.01
-0.01
-0.6
-0.55
-0.08
-3.76
-0.01
-6.23
-1.3
0.01
-0.02
-0.15
-0.66
-0.81
0.01
0.05
3.24
0.55
0.26
6.17
-2.64
-5.81
2.5
5
1.3
-1.45
-4.74
2.92
-4.43
-1.1
-0.01
-0.05
-0.84
-0.3
-0.3
-0.01
-0.39
-0.8
3.93
-2.81
-3.4
0.01
-0.01
5.28
0.3
0.04
0.01
-0.01
0.01
-0.01
0.01
0.01
-0.01
0.91
-0.01
0.01
-0.01
0.01
-0.01
0.01
-0.01
0.01
-0.01
0.01
-0.01
-0.45
-0.15
0.01
-0.01
-5
-1.85
-1
-2
-2.87
-1.99
-0.13
-0.01
-0.9
-0.19
-0.51
-1.05
-0.01
-1.34
-0.4
-0.57
-0.02
-0.01
-0.17
-0.73
-0.08
-0.03
0.03
0.01
-0.01
0.01
-0.01
0.01
-0.01
0.01
-0.01
0.01
-0.01
0.01
-0.01
0.01
-0.01
0.01
0.96
0.01
0.59
1.9
1.51
0.99
0.01
1.37
0.25
-0.01
0.01
-0.01
0.01
-0.01
0.01
-0.01
0.01
2.37
0.01
-0.01
0.01
-0.01
0.01
1
2.5
6.3
4.21
0.01
-0.01
-13.01
-1.8
11.36
-13.31
-0.2
0.51
0.01
-0.01
0.01
-0.01
0.01
2.5
2.5
2.72
5.22
0.08
0.06
0.35
2.98
0.01
-0.01
-0.01
0.01
-0.01
0.01
0.83
0.92
0.27
2.92
0.01
0.01
-0.01
-0.01
0.01
2.07
2.47
-0.01
0.02
0.63
0.01
0.12
0.96
-0.01
0.01
0.29
0.01
1.65
3.85
0.84
0.01
2.49
0.4
0.32
0.48
0.46
0.84
0.75
0.34
-0.01
2.91
0.16
0.01
0.73
0.02
0.14
0.13
0.33
0.29
0.14
0.24
0.43
0.46
0.34
0.31
0.34
0.33
0.43
0.01
0.33
0.62
0.07
0.06
1.57
0.01
0.14
0.48
0.74
0.08
0.33
0.65
0.21
0.04
0.18
0.96
1.67
-3.05
1.02
0.01
-0.99
0.01
3
1.16
0.84
0.07
0.11
-5.12
0.89
0.01
-0.01
0.14
2.49
0.01
1.59
-0.01
0.01
-0.01
0.01
0.01
1
3.06
0.94
0.79
0.04
0.17
0.59
0.25
2.69
0.47
0.6
2.89
1.5
0.01
-0.01
0.01
0.9
2.1
2
2.98
0.45
1.06
0.51
0.02
5
3.97
-0.01
0.01
0.01
0.06
0.04
0.56
0.34
0.02
2.97
2.03
0.2
0.39
-3.68
-0.67
-0.01
0.24
-0.01
0.01
-2.46
0.83
2.23
-3.09
-0.01
0.01
0.09
2.58
0.01
-0.08
-0.01
0.01
0.08
-0.08
-0.05
0.01
-0.01
-2.37
-0.01
0.01
-0.01
0.01
-0.01
-0.09
-0.07
-0.01
0.01
-0.01
0.01
-0.01
0.01
-0.01
0.01
0.17
0.6
0.22
0.48
1.03
0.16
0.01
-0.01
0.01
-0.01
0.01
-0.01
0.01
-1.06
-0.01
-0.01
-0.6
-1
-0.01
0.01
-0.01
-0.19
-1.3
-6.14
-0.02
0.01
-0.01
0.01
-0.01
-0.33
-0.01
-0.88
-4.39
-0.71
-1.25
-0.01
0.03
0.01
-0.01
0.01
1.18
4.16
1.86
-0.07
-0.01
0.01
-0.01
0.01
-0.01
0.01
-0.01
0.01
-0.01
0.01
-0.01
0.01
-0.01
0.01
-0.01
-0.92
-8.77
-0.02
-0.01
-0.33
0.84
-0.01
-0.45
-0.02
0.02
1.86
0.01
1.88
0.6
2.5
1.68
-6.67
4.98
0.01
-0.01
-4.99
-1.07
-0.01
-1.98
-0.02
-0.02
-1.11
9.06
-4.84
4.68
0.01
0.16
-5.98
1.19
4.99
0.01
1.52
-10.58
0.85
-0.01
-0.83
-0.01
0.01
0.83
-0.83
-0.01
0.01
0.83
0.01
-0.01
0.01
-0.01
0.01
-0.01
0.01
-0.01
0.01
4.07
-0.01
0.01
-0.01
-4.06
3.73
-3.73
3.97
0.05
-0.66
-0.01
-3.13
1.97
-0.18
-0.01
0.01
-0.01
-1.77
-0.01
1.79
-0.01
-1.76
0.49
-0.5
0.01
-0.01
0.01
-0.01
0.01
-0.01
0.01
0.49
-0.01
0.01
-0.01
0.01
0.43
0.88
1.05
0.14
1.7
0.01
2.99
0.2
0.1
1.81
1
0.32
1.51
5.52
0.55
0.01
1.08
-1.02
-0.01
-0.11
-0.01
-0.12
-0.1
-0.02
-6.3
-0.01
0.01
-0.01
0.01
-0.01
0.01
0.08
-0.01
0.01
2.42
0.19
1.32
2.59
0.01
0.07
1.02
0.45
-0.01
0.01
-0.01
-0.13
-0.16
-0.01
0.01
-0.01
0.01
0.02
0.14
0.88
0.49
0.1
0.11
0.1
0.81
0.73
0.11
1.82
0.01
0.06
1.58
0.66
0.08
-0.07
-0.02
0.02
0.02
1.2
0.1
0.9
0.21
-0.12
0.01
-2.07
-0.01
-0.26
-3.7
-1.97
-1.22
-0.01
-0.67
-0.05
1.95
7.9
0.05
0.17
0.6
1.88
1
-2
0.01
-0.01
0.01
-6.3
-0.01
-4.83
6.62
-6.28
6.62
-6.51
0.01
-0.06
-0.86
-0.01
-0.07
6.71
-6.35
-0.01
-0.04
-0.3
-0.02
-0.01
-0.59
-0.66
-0.01
-0.08
-0.76
-0.01
-0.01
-0.66
-0.01
-0.01
-0.42
-0.81
-0.61
-2.59
-0.01
0.01
-0.01
-0.08
-0.66
-0.85
-1.16
-0.01
-0.28
-0.95
-0.01
-1.08
-0.01
0.01
-0.01
0.01
-0.01
0.01
-0.01
-0.01
-0.01
-0.04
-0.24
-0.27
-3
-0.01
-0.46
-2.94
-0.01
-0.49
-0.17
-0.02
0.01
-0.01
0.01
-0.01
0.01
-0.01
0.01
0.71
0.01
0.25
0.01
-0.01
0.01
0.01
-0.01
0.01
-0.01
0.01
-0.01
0.01
-0.01
0.31
-0.29
0.52
0.28
1.69
0.15
0.35
-0.01
-0.01
-1.16
0.01
-0.2
-1.56
-0.08
-0.03
0.02
-0.03
-0.92
-0.02
-0.01
-0.05
1.04
-4.02
5.21
-0.01
-0.01
-0.01
-5.16
-0.02
4.97
-0.06
-4.9
2.49
2.42
0.2
0.66
0.92
0.43
-0.01
-6.48
-0.62
0.01
-0.01
-0.03
-0.01
0.04
0.01
0.62
5.68
0.7
-7.13
-0.01
6.3
-0.08
-0.32
-0.08
-7.66
-1.05
-0.26
-0.03
-2.18
-0.5
-0.69
11.26
1.45
0.05
1.03
2.25
0.52
0.02
0.01
-14.47
0.96
5
7.46
0.01
0.01
-2.49
0.01
-0.02
-0.02
-0.03
-0.02
-0.01
0.01
-0.01
3.1
-0.04
-5.31
-5.88
-0.14
0.06
0.09
0.01
-0.17
0.77
-0.01
0.01
-0.58
-0.01
-0.18
-0.01
-1.36
1.54
0.01
-0.18
-0.01
-0.99
0.92
-0.91
-0.01
0.01
-0.01
0.01
-0.01
0.01
-0.01
0.01
-0.01
-0.01
-0.98
-0.01
-0.01
-2.78
-0.16
-0.04
-0.01
-0.01
0.01
-0.01
0.01
-0.01
0.01
2.5
1.47
0.01
-0.01
0.01
-0.01
0.01
-0.01
0.01
-0.01
0.01
-0.01
0.01
-0.01
0.01
-0.01
0.01
-0.01
0.01
-0.01
0.01
-0.01
0.01
-0.01
0.01
-0.01
0.01
-0.01
0.01
-0.01
-0.21
-3.77
-0.36
-0.64
-0.02
-0.71
-0.69
-0.79
-0.01
-0.56
-0.01
-0.2
-0.21
-0.21
-0.01
-0.99
-0.03
-0.56
-0.95
-0.05
6.02
0.01
4.93
0.03
-0.01
-0.98
0.02
-0.01
0.01
-0.01
0.97
0.01
1.01
-0.01
0.01
1.84
4.77
0.39
-0.01
0.01
-0.01
0.01
3.07
0.68
-0.5
-0.01
0.01
0.5
-0.45
0.44
-0.01
0.01
-0.01
0.01
0.25
0.01
0.61
0.01
0.39
0.43
-0.01
0.01
-0.01
0.01
-0.01
0.01
0.55
0.01
0.03
0.01
1.96
0.5
2.53
1.15
-1.25
0.86
-0.01
-0.39
0.4
-0.43
-0.53
-0.29
-0.05
-0.3
-1.87
-0.77
-0.01
-0.52
-0.01
0.54
-0.01
-0.04
-0.49
-0.01
-0.18
-1.38
-2.43
-0.01
0.01
-0.01
0.01
0.01
0.01
4.51
-0.01
0.01
-0.01
0.01
3.21
1.63
0.64
0.02
0.02
-0.86
0.01
0.79
0.1
0.55
0.01
1.62
0.5
-0.01
0.13
-0.01
-1.72
1.73
0.68
1.82
0.07
2.62
0.14
0.08
0.15
0.46
1.07
0.03
0.44
-0.45
0.45
-0.01
0.01
-0.01
0.01
-0.01
0.01
-0.01
0.01
-0.01
-0.45
-7.09
-0.01
-2.25
-1.45
-0.74
2.2
-4.32
-0.01
-0.95
-0.38
-2.09
-0.01
-0.01
-2.3
-0.01
-0.56
-0.01
-0.01
0.01
-0.01
0.01
0.57
-0.42
0.38
-0.01
-0.53
0.54
-0.01
0.01
-0.01
-0.52
-0.01
0.01
-0.01
-0.01
-0.99
-1.01
-0.8
-0.01
-0.19
-0.23
-1.69
-0.07
-0.65
-0.66
2.07
-1.87
-0.01
0.01
0.61
0.5
-0.01
-0.53
0.13
-1.31
-3.25
-0.02
-0.01
-1.21
-0.79
-2.02
-0.01
-0.42
-0.55
-0.01
-5.97
-0.02
0.01
1.6
-0.09
0.42
-0.92
-2.02
0.01
-0.01
-3
-0.5
-0.77
-0.02
-0.71
-0.56
-1.28
0.74
-0.01
-0.83
-1.93
-0.01
-0.27
-0.04
-1.06
-0.02
-0.01
1.42
6.34
-3.12
-4.63
0.03
-0.04
-1.19
-1.53
2.95
-0.01
-2.93
1.92
-1.64
1.64
0.07
-0.05
-1.41
-0.01
0.01
-0.01
-0.53
0.54
0.01
1.44
0.01
-0.01
-1.99
2
-1.95
-0.01
-0.04
-0.3
-2.7
0.11
-0.11
0.01
-0.01
0.02
-0.01
0.01
-0.01
-0.01
-2
-0.3
-0.17
1.36
-0.01
0.01
-0.01
-0.01
-0.35
-0.49
-1.03
-0.7
-0.01
0.01
-0.01
0.01
0.7
-0.01
-0.69
-0.01
0.7
0.01
1.8
0.09
1.28
0.52
1.3
0.01
0.34
0.37
0.02
1.12
0.03
0.21
0.38
0.07
-7.39
-0.01
-0.06
-0.07
0.15
-0.03
-0.12
5
-3.92
4.89
-4.88
-0.47
0.01
-0.01
-0.15
-1.47
-0.01
-0.31
-0.71
-1.89
-0.09
-4.01
-0.97
-1.14
-1.18
-0.02
-0.68
-0.15
-0.15
4.31
0.02
-0.03
0.04
-2.58
-0.02
-2.29
0.62
-1.76
-0.01
-6.02
-0.01
5.04
-0.01
0.01
-0.01
0.01
3.19
1.81
5.99
4.89
0.01
-0.02
-0.09
-0.01
-0.01
-10.59
10.67
-10.45
-0.22
0.04
10.02
-0.01
-0.01
-4.97
-5.08
0.01
-0.01
0.01
0.01
5.9
0.01
-5.83
-0.01
0.01
-0.01
-0.08
4.74
0.03
0.32
-5.02
-0.07
0.08
0.01
5
2.54
-2.8
-0.01
-3.99
-0.01
-0.83
0.01
-1.66
0.5
1.16
0.83
-0.01
0.01
0.49
3.71
0.7
0.09
0.01
1.16
0.34
1.44
0.12
0.92
-6.14
-2.77
5.27
-5.34
-0.01
0.01
-0.01
-4.8
-0.2
-2
-1.49
-0.01
8.45
0.06
-0.01
0.06
4.23
0.01
-0.61
1.31
0.1
-4.54
4.13
-0.5
-0.11
-2.07
-0.01
-0.52
-4.07
-0.94
0.01
-0.01
-1.27
-0.2
-1
-0.22
-1.42
-0.25
-0.01
1.58
-1.55
-1.05
1.52
-1.53
-0.22
-0.09
-1.54
0.61
-1.12
-0.7
-0.01
-0.44
1.01
-0.01
-1.08
0.01
0.57
0.01
0.14
-0.71
0.71
0.01
0.5
0.28
4.52
1.48
1.2
-0.34
-0.01
0.01
-0.01
-0.5
0.01
-3.6
3.59
-3.6
-0.01
0.01
-0.01
0.01
2.5
4.75
-6.78
2.74
0.04
2
0.49
1.5
-0.11
-1.38
1.49
0.01
1
1.49
0.01
3.32
-2.43
-0.89
2.64
0.69
-0.69
-0.01
0.01
0.86
-0.01
0.01
-0.01
0.01
-0.01
0.01
0.96
1.54
1.28
0.01
-0.01
0.01
-0.01
0.01
-0.01
-3.77
-0.01
-0.01
0.01
-0.01
0.01
-0.01
0.01
-0.01
0.01
-0.01
0.01
-0.01
0.01
-0.01
0.01
-0.01
0.01
-0.01
0.01
-0.01
0.01
2.5
-0.01
0.01
-0.01
0.01
-0.01
0.01
0.1
-0.01
0.01
0.5
0.68
-0.01
0.01
-0.01
-0.01
0.03
-0.01
-0.02
0.01
0.01
-0.01
0.01
-0.01
0.01
-0.02
-1.27
-0.61
-1.88
-0.01
0.01
2.5
-1.02
2.06
-0.17
-2.35
1.63
-1.02
1
-0.19
-1.44
1.41
-0.1
0.09
-1.4
1.4
0.01
0.05
0.73
-2.17
1.95
0.01
-0.01
-2.97
2.89
-0.61
0.52
-0.53
-0.01
-0.07
-2.11
2
-2.06
-0.01
2.06
-1.93
0.01
-0.01
-0.01
-0.14
-0.05
-0.15
-4.1
-0.01
0.01
-0.01
0.01
-0.01
-0.5
0.51
-0.01
-0.49
-0.01
-5.18
-0.41
-2.59
-0.84
-3.56
-0.68
-1.28
-0.17
-0.41
-0.06
-0.59
-4.15
13.34
0.6
0.39
-14.31
-0.15
-0.79
-0.29
-1.34
-0.01
-0.12
-0.89
-0.69
-0.75
-0.1
3.99
-2.09
3.54
-0.26
0.37
-0.07
0.01
-0.01
0.01
0.36
-0.36
-0.01
-2.61
-5.96
-0.06
-1.82
-1.08
-0.72
-0.01
-0.42
-0.86
-0.01
13.91
-0.35
-10.11
10.42
-0.06
-0.18
-0.01
0.01
-0.01
0.01
-0.01
0.01
-0.01
0.01
-0.01
0.01
-0.01
-5.7
-0.5
-0.37
-2.66
9.24
-5.66
-0.09
-3.6
-4.15
-0.11
-0.66
-0.44
14.7
-0.47
0.48
-0.01
-4.09
0.01
-0.01
-0.1
-0.98
1.09
-0.01
0.01
2.5
1.59
3.11
0.3
0.88
-6.29
4.58
-2.77
4.46
-0.01
-4.47
4.48
-0.01
0.01
0.02
-0.01
0.01
0.15
1.04
-1.19
-0.01
0.01
-0.01
-0.02
-7.91
-0.01
4.95
-1.5
1.29
3.21
-3.21
-3.26
0.01
4.47
-0.01
-0.31
0.02
0.3
0.9
1.06
-2.19
-3.54
3.6
-0.01
-2.85
2.24
0.16
1.4
1.2
0.01
-1.89
-0.1
-0.65
0.01
-0.01
0.01
-0.01
0.01
-0.01
0.01
-0.01
0.01
-0.01
0.01
-0.01
0.01
-0.01
0.01
-0.01
-0.17
-2.18
-0.75
-0.54
-0.01
-0.17
0.01
-0.01
-0.03
-1.89
-1.58
-0.03
-2.43
5.94
0.03
-2.67
0.01
2.66
-6.63
-0.21
-0.08
1.97
0.01
1.4
0.83
0.15
0.28
2.28
-0.01
0.01
-0.01
0.01
-0.01
0.01
-0.01
0.01
-0.01
0.01
-0.01
0.01
-0.01
-7.87
-0.01
0.01
2.5
-1.93
-0.01
3.78
-3.49
3.38
-0.15
-0.09
3.89
-0.02
-0.31
-3.38
-2.13
3.82
0.01
-1.34
0.64
-0.28
-3.9
-0.01
-0.99
-1.65
-1.36
-0.07
0.01
-0.01
-0.08
-0.49
-0.4
-0.57
0.01
1.53
0.01
0.02
0.34
0.01
-0.38
0.03
-0.01
-0.01
0.12
-2.68
-0.01
-0.01
-0.9
-0.08
-1.18
-2.84
-0.26
-3.28
-0.03
-0.43
-0.59
-0.41
-0.76
-7.23
-0.01
-1.2
-0.8
-0.53
-0.11
-0.25
-0.01
-0.33
-0.65
-1.37
-0.69
-0.56
-0.44
-0.06
4.98
0.02
-0.01
-0.66
-0.01
-3.23
-0.01
-1.07
-0.01
-0.23
-0.67
-0.92
-0.63
-0.2
-0.35
-0.75
-0.25
9
4.85
0.05
0.09
-0.01
-0.03
-4.95
-0.01
-0.76
5.23
-0.11
-0.07
0.09
0.54
-0.01
0.01
-0.01
0.01
-0.01
0.01
-0.01
0.01
-0.01
0.01
-0.01
0.01
-0.01
0.01
-0.01
0.01
-0.01
0.01
-0.01
0.01
-0.01
0.01
-0.01
0.01
-0.01
-0.59
-0.31
-7.5
-5.32
-0.18
-0.91
-0.03
-0.01
-0.05
-0.12
-0.56
-0.22
-7.66
-0.44
-1
-0.9
-8.1
-0.2
-0.75
-0.05
-0.9
-0.1
-3.75
-0.18
-1.37
-5.05
-0.36
-0.18
-0.68
-0.67
-0.98
-1.69
-2.2
-0.47
-0.42
-0.93
-1.05
-4.02
-2
-1.28
-1.72
-0.86
-0.01
-0.47
-0.58
1.91
18
-0.02
0.03
2
-2.01
2.01
-0.01
0.01
4
6
-3.86
2.14
-0.02
-7.36
7.37
-0.06
-0.02
-0.06
0.01
-0.05
-0.01
0.05
0.01
0.05
1.81
-0.01
0.01
-0.01
-0.34
-0.22
-1.22
-0.01
-0.06
-0.01
-0.29
-0.41
-0.02
-2.41
-0.36
-0.94
-1.29
-0.31
-0.04
-0.47
-0.96
-0.63
-0.28
-2.31
-0.35
-1.89
-0.17
-13.01
-3.01
-3.62
-1.39
-0.97
-0.9
-1.1
-1
-1
-0.84
-1.1
-0.02
-0.01
-0.03
-1
-1
-0.91
-0.01
-1.08
-0.94
-1.06
-1.85
-2.09
-7.06
-0.23
-4.77
-0.1
-1.9
-4
-0.14
-2.27
-0.59
-0.03
-0.8
-0.17
-0.6
-1.79
-0.51
-0.1
-0.5
-0.4
-0.1
-0.83
-0.16
-0.01
-0.01
-1.38
-6.61
-1.75
-0.25
20
15
7
-22.01
22.01
47
0.8
-0.01
0.01
-14.38
-1.01
1.01
-1.01
-4.3
-2.23
7.52
0.01
0.01
-0.89
-4.39
-0.01
-7.13
-3
-0.87
-0.47
-2.38
-0.62
-0.66
-0.87
-0.47
-0.66
-1.17
-0.55
-0.77
-0.21
-0.3
-0.87
-0.98
-1.32
-0.55
-0.18
-1.08
-0.02
-0.87
-0.47
-0.65
-5.01
-8
-0.4
-0.94
-0.38
-0.28
-1.08
-3.26
-0.66
-1.17
-0.55
-2.62
-0.56
-1.27
-1.83
-0.05
-0.81
-0.01
-1.13
-0.66
48.07
2.19
-2.17
-32.6
-5.34
-0.01
-2.35
-7.79
50.24
0.01
0.01
0.01
-0.03
0.01
-0.01
0.01
-0.01
0.01
-0.01
-5.74
-0.38
-0.41
-0.03
-0.16
-4.02
-0.55
-0.27
-0.16
-9.57
-0.27
-0.16
-1.29
-2.73
-0.55
-0.27
-0.16
-3.78
-11.22
-3.38
-5.47
-0.03
-0.14
-0.01
-0.54
-0.01
-0.42
45.48
6.24
-0.01
-5.09
-0.01
-18.48
-6.76
-5.22
-9.38
-5.3
-2.19
-0.14
-0.87
-0.47
-0.66
-1.16
-0.01
-0.54
-0.01
-0.26
-0.16
-0.86
-1.34
56.34
2.56
0.01
-2.56
-0.01
0.01
-0.01
-1.38
-4.95
-1.01
-2.66
-1.71
-4.62
16.34
-0.01
-6.43
-3.57
-20
-1.33
-1.66
-0.98
-6.03
-1.32
-6.35
-2.33
43.02
-0.01
-0.01
-3.9
-10.71
-6.05
16.77
-16.77
17.66
2.54
0.01
-1.06
-1.53
-3.47
-0.48
4.35
-11.26
-5.55
-0.23
10.18
3.75
0.01
-0.01
-1.75
-0.39
-0.12
-0.5
-0.59
-0.15
-3.24
-0.01
-0.51
-0.5
-1.24
-2.75
-0.51
1.33
3.55
-1.73
-4.46
-0.01
-1.17
-1.01
-0.92
-0.06
-0.01
-0.51
-0.29
-2.2
-0.39
7.13
-2.8
0.38
-0.38
-4.33
0.81
-0.8
6.59
-0.01
0.26
-0.26
0.25
0.01
-0.01
-0.01
-0.24
0.23
0.01
-0.01
0.01
0.01
0.01
0.04
-0.05
-0.01
0.05
0.01
5.99
0.01
-0.01
0.01
2.99
0.01
-0.01
0.01
-0.01
0.01
1.01
0.99
1.79
0.01
-0.01
0.01
-0.01
0.01
-0.01
0.01
-0.01
0.01
-0.01
-1.02
-0.77
-0.99
-7.99
-1.02
-1
-0.5
-0.03
1.63
-0.01
0.01
-0.01
-0.01
-3.5
-6.01
-2.02
11.28
-0.01
0.01
-2.74
0.01
-0.01
0.01
-0.01
-3.69
3.69
1.9
0.01
0.83
-0.01
0.01
-0.01
0.01
-0.01
0.01
-0.01
0.01
-0.01
0.01
-0.01
0.01
-0.01
0.01
-0.01
0.01
-0.01
0.01
-0.01
0.01
-0.01
-0.58
-0.24
-0.48
-0.01
-1.27
-2.24
-1.5
-6.46
-0.22
-0.09
-0.04
-0.06
-0.01
-0.01
-0.03
-0.09
-0.35
-0.57
-0.06
-0.01
-0.5
-0.01
-0.29
-3.08
-3.14
-0.38
-0.02
-0.06
-0.52
-0.7
-0.01
-0.3
-0.09
-1.4
-1.31
-0.14
-0.47
-0.58
-1.51
-1.54
-0.23
-0.12
-0.55
-0.63
-0.04
-0.84
-0.01
-1.03
0.02
-0.01
0.01
-0.01
0.06
-0.01
0.01
-0.01
0.01
0.93
0.01
-0.01
0.01
-0.01
0.01
-0.01
0.01
-0.01
0.01
-0.01
0.01
-0.01
0.01
-0.01
0.01
-0.01
0.01
-0.01
0.01
-0.01
0.01
0.09
14.77
-0.87
0.69
2.98
-0.01
0.34
-0.01
0.01
-0.01
0.01
-0.01
0.01
-0.01
0.01
-0.01
0.01
-0.01
0.01
-0.01
0.01
-0.01
0.01
-0.01
0.01
3
1.7
3.8
0.15
1.36
-0.01
0.01
-0.01
0.01
0.89
0.01
-0.01
0.01
0.04
0.03
0.01
0.01
0.65
0.02
-0.01
-0.01
-0.01
-0.24
0.22
0.02
0.01
0.01
0.01
0.32
0.01
2.8
0.03
0.63
2.25
0.12
0.8
0.16
0.01
1.2
0.04
-8.12
0.01
-0.01
-0.11
-0.16
-0.01
0.01
-0.01
-0.3
0.01
-0.01
-0.34
0.01
-0.01
-0.5
-0.5
-0.11
-1.79
-0.01
-0.09
-4
-4
-3.67
-0.82
-2.62
-0.88
-0.01
-0.9
-1.1
-0.98
11.98
-0.23
-4.77
-6.95
-1.07
-1.83
-0.03
-0.01
-1.11
-0.47
1.59
-0.01
0.01
-0.01
-1.1
0.99
-0.49
-0.25
-0.17
-0.09
0.01
-0.01
-2.29
2.3
-0.01
-1
1.01
-0.47
-0.01
0.46
-0.46
0.39
-0.18
-0.01
-0.23
0.42
-0.92
0.7
-0.7
0.01
-0.01
0.01
-0.01
0.01
-0.01
-1.29
1.26
-0.34
-1.62
-0.01
0.01
-0.01
0.01
-0.01
0.01
-0.01
0.01
-0.01
0.01
-0.01
0.01
-0.01
0.01
-0.01
0.01
0.01
1.07
1.91
0.1
4.9
-0.01
0.01
-0.01
0.01
-0.01
0.01
-0.01
0.01
-0.01
0.01
-0.01
0.01
-0.01
0.01
-0.01
0.01
-0.01
-1.63
-0.86
-1.5
0.01
-0.01
0.01
-0.01
0.01
-0.01
-4
-1
-1
-0.04
-2.12
-0.33
-0.21
-0.91
-0.23
-1.86
-0.2
-0.32
-0.19
-0.95
-1.35
-0.29
-1
-0.07
-2.9
-0.02
-0.01
-0.1
-0.48
-0.42
-0.7
-0.3
-0.7
-0.21
-0.22
-2.76
-0.08
-1.01
-0.02
1.22
-1.22
-0.39
-0.83
-0.88
3.34
-0.01
-0.23
-0.18
-2.93
-0.01
-0.38
2.77
-0.08
-0.01
-2.76
-0.67
0.02
-0.01
-1.76
1.23
-1.23
0.01
-0.01
0.01
-0.01
0.01
-0.01
0.01
-0.01
0.01
-0.01
0.01
-0.01
-3.67
-0.33
-0.64
-0.36
-2.49
-0.2
-0.08
-0.23
-0.57
-0.88
-0.55
-0.61
-2.39
0.01
-0.01
0.01
-0.01
-1
-0.52
-0.48
0.01
-0.01
-0.57
-2.92
-0.61
-0.9
-3.99
-0.01
-0.2
-0.6
0.82
0.01
-0.01
0.01
0.1
8.87
0.01
-0.06
-1.42
-1.9
-3.61
-0.15
7.11
-0.12
-0.13
-3.01
-0.16
-0.01
0.01
-0.01
0.01
-0.01
0.01
-0.01
0.01
-0.01
0.01
-0.01
0.01
3.43
0.01
0.1
8.41
1.49
1.02
-0.03
-4.18
-0.01
-4.16
-0.31
6.67
0.01
1.15
0.16
-2.21
-0.01
2.11
-1.03
0.72
0.43
-1.1
-0.01
0.01
-0.01
0.01
-0.01
0.01
-0.01
0.01
-0.01
0.01
-0.01
0.01
-0.01
0.01
-0.01
0.01
-0.01
0.01
-0.01
0.01
-0.01
0.01
-0.01
0.01
-0.01
0.01
-0.01
0.01
-0.01
0.01
-0.01
0.01
-0.01
0.01
-0.01
0.01
-0.01
0.01
-0.01
0.01
-0.01
0.01
-0.01
0.01
-0.01
0.01
-0.01
0.01
-0.01
0.01
-0.01
0.01
-0.01
0.01
-0.01
0.01
-0.01
0.01
-0.01
0.01
-0.01
0.01
0.77
1.03
8.97
1.07
1.03
1.7
1.07
-4.81
4.95
-0.01
-0.13
0.14
-0.01
1.3
-0.01
0.01
-0.01
0.01
-0.01
0.01
-0.01
0.01
-0.01
0.01
0.6
0.01
0.09
-0.01
-0.09
-0.65
-5.22
-1.1
0.01
-4.8
-0.14
-1.23
-2.74
-1.96
3.7
2.24
0.99
-7.5
-0.5
-0.23
-5.24
-1.35
4.82
1.82
-0.03
-0.66
-0.01
-0.01
0.02
-0.01
-0.01
0.01
-0.01
0.01
0.01
-0.01
0.01
-0.01
-0.01
0.01
-0.01
-0.58
-4.89
-0.01
0.01
-0.01
0.01
3.28
-0.03
-0.02
-1.57
-0.92
-0.01
-0.02
-0.73
-1.62
0.01
-0.01
0.01
-0.01
-2.49
-1.51
-5.79
0.03
-0.04
-0.2
4.18
-0.04
-2.2
1.07
1.08
5.9
-6.26
-0.07
5.62
-0.18
-5.38
5.37
-0.01
0.01
-0.01
-7.08
7.09
-0.1
-1.71
0.85
-0.01
0.01
-0.01
0.01
0.01
0.85
-0.01
0.01
-0.01
0.01
1.01
0.01
1.99
-1.62
0.01
-0.01
0.01
1.61
0.5
-1.24
-0.04
-0.02
1.2
-1.08
0.59
0.25
0.34
0.31
-0.05
0.05
7.19
0.15
-0.07
1.64
0.39
0.99
-2.94
-0.01
0.01
-0.01
0.01
-0.01
0.01
0.15
3.98
0.11
4.6
0.99
-0.01
0.01
0.01
-0.01
0.01
-0.01
0.01
-0.01
0.01
1.7
0.15
0.04
1.78
0.41
0.92
1.23
-1.23
-0.01
-3.82
-1.07
6.12
0.01
0.76
0.01
-0.01
0.01
-0.01
0.01
-0.01
0.01
-0.01
0.01
0.6
0.01
2.39
0.09
2.29
-0.01
0.32
-0.01
-5.52
5.51
0.02
5.88
-3.27
1.59
1.65
0.33
0.01
-0.01
0.95
0.18
-0.01
0.01
-0.01
0.01
-0.01
0.01
-0.01
0.01
0.69
-0.01
0.01
-0.01
0.01
1.02
6.29
0.58
0.91
0.18
0.32
0.01
-0.01
0.01
-0.01
0.01
-0.01
0.01
-0.01
0.01
-0.01
0.01
-0.01
0.01
1
0.81
1.49
-0.02
-0.01
-1.22
-1.15
-0.01
-0.88
-0.01
0.94
-0.01
-0.93
-0.01
-0.09
-0.1
-0.62
-1.19
-0.09
-0.9
-1.58
-2.24
-3.17
-0.01
-0.01
-0.09
-0.89
0.08
0.01
-0.1
-8.01
-2.73
0.12
5.62
4.29
0.01
-1.55
-8.37
-0.86
-0.53
-0.24
11.54
-12.26
12.26
0.01
-12.27
12.06
-0.09
-11.64
11.63
-0.19
-11.41
11.2
0.21
-8.45
-0.19
-0.07
-0.59
0.81
-0.81
9.29
-8.57
-0.01
-0.04
-1.02
9.44
-7.59
-1.86
-0.47
-1.04
-1.19
4.56
-4.51
0.01
4.5
-1.3
-4.27
4.56
0.01
-0.01
0.01
-0.5
-3.17
3.15
1.02
0.5
-0.49
0.49
-2.41
0.14
1.98
0.29
9.97
0.03
0.03
2.69
-0.02
0.01
0.29
1.1
5.27
0.01
0.62
-0.63
-0.37
-0.99
1.98
-0.99
-0.01
-0.09
-0.9
1
0.07
0.43
0.5
-0.99
0.99
-0.01
0.01
-0.01
-1.99
1.47
0.22
-0.01
-0.68
-2.37
-0.38
-1.85
5.29
-0.01
-2.16
2.17
-0.54
-1.85
-1.24
1.23
1.51
0.8
-0.2
-0.91
-1.55
-0.01
-1.59
-0.01
3.08
0.01
-1.29
0.01
-0.17
-1.63
0.01
-0.01
0.01
-0.01
-0.01
0.01
-0.01
0.01
-0.01
0.01
-0.01
-0.68
-1.28
1.91
-0.24
0.02
-0.31
-1.75
0.01
-0.01
0.01
-0.01
0.01
-0.01
0.01
-0.01
-0.29
-0.01
-0.01
-0.01
0.01
-0.01
0.01
-0.01
0.01
-0.01
0.01
-0.01
0.01
-0.01
0.01
-0.01
0.01
-0.01
0.01
-0.01
0.01
-0.01
0.01
-0.01
-0.68
-2
-2.82
0.06
-0.07
-0.97
-4.07
-0.02
-0.02
-1.09
-1.32
-1.9
-1.94
-0.84
-5.32
-0.32
0.01
-0.01
0.01
-0.01
-0.36
-1.81
-0.31
-0.01
-0.83
-2.84
5.95
-1.46
1.46
-3.38
-4.13
-0.64
-1.37
-3.45
-0.17
-0.01
-0.89
-1.31
-0.6
-0.2
-0.04
-0.32
-0.15
-0.23
4.73
12.11
-0.03
-6.87
-0.05
-0.01
-0.01
-4.17
0.01
1.96
2.18
0.02
7.21
-0.35
-0.21
-0.4
0.51
0.48
-0.35
-0.13
0.48
-0.41
0.17
-0.16
-0.01
-2.67
-3.29
-1.71
-0.29
7.99
0.01
-0.12
-4.56
2.91
-1.08
1.13
1.71
0.01
0.35
0.01
0.01
-0.01
0.01
-0.01
0.01
-0.01
0.01
-0.37
-2.5
-2.18
-0.31
-0.01
-2.14
1.04
1.61
1.11
-0.63
-0.06
-2.07
-2.71
-0.02
1.83
-0.2
-0.1
-1.51
0.01
0.84
-2.77
-1.2
-0.01
1.48
-2.12
-1.9
-2.13
-0.1
-0.2
-0.64
0.31
0.01
-0.02
-0.3
0.29
0.01
-0.08
0.43
-0.01
0.01
-0.01
0.01
-0.01
0.01
0.05
9.98
0.06
-0.01
0.01
-0.01
0.01
4.18
0.01
-0.01
-0.02
-0.07
0.01
0.09
-0.1
-0.01
0.01
-0.09
1.88
-1.98
-0.27
0.02
-1.54
-4.26
-2.26
-4.44
10.96
-10.95
-0.11
12.48
-4.55
-5.08
0.13
-2.05
2.01
-0.05
0.05
0.02
0.03
-2.69
0.72
0.82
-1.94
-0.1
-0.95
-0.05
-1
0.01
3.2
-2.82
2.71
0.44
0.5
-1.05
-2.36
-0.01
0.02
1.9
-0.01
-0.03
-1.86
0.56
-1.18
0.77
-0.77
-0.02
-0.17
-0.49
-0.33
-0.01
-0.43
-0.59
-0.03
-3.95
-1.3
-0.95
-0.25
-0.34
-0.35
-0.43
-1.36
-0.01
-0.01
-1.3
-1.7
-1.15
-0.01
-0.84
-4
-1
-1.08
-2.8
0.7
0.01
0.17
-0.87
-0.01
-0.3
-0.82
-0.92
-1.08
-1
-1.6
-0.15
-0.25
8.22
-4.26
-3.95
-0.01
-1
5.79
-0.7
1.63
-0.2
-0.01
0.01
0.48
-0.22
-0.1
-0.18
0.29
4.21
1
0.01
-0.01
-0.01
0.01
-0.01
0.01
-0.01
0.01
-0.01
0.01
-0.01
0.01
-0.01
0.01
-0.01
0.01
-0.01
0.01
-0.01
0.01
-0.01
0.01
-0.01
0.01
-0.01
-0.4
-0.58
-0.01
-0.47
-3.97
5.04
-0.01
-3.58
-2.01
1.92
0.27
-0.03
-0.02
0.07
2.66
0.13
-2.77
2.76
0.01
-0.01
0.01
0.01
0.98
0.01
-0.01
0.01
-0.01
0.01
-0.01
0.01
-0.01
0.01
-0.01
0.01
-0.01
0.01
-0.01
0.01
-0.01
0.01
-0.01
0.01
-0.01
0.01
-0.01
-0.01
-0.98
-0.13
-1.37
-3.69
-0.01
-1.3
-1.44
-1.61
-0.45
-1.5
-3.5
-0.5
-1
-0.11
0.01
-0.01
-0.38
-0.01
-1
-2
0.01
-0.01
-0.01
-0.33
-0.84
-0.4
-2.42
-0.1
-0.64
-0.02
-0.01
0.01
-0.01
0.01
-0.01
0.01
-0.01
0.01
7.1
-0.01
0.01
0.36
0.2
0.43
0.69
0.45
-0.62
0.01
0.02
0.04
-0.01
-0.04
-0.02
-1.45
0.01
1.46
0.24
0.87
0.01
-0.88
-0.01
0.01
-0.01
0.01
0.01
0.5
0.01
-0.01
0.01
-0.01
0.01
-0.01
0.01
-0.01
0.01
-0.01
0.01
-0.01
0.01
-0.01
0.01
-0.01
0.01
-0.01
0.01
-0.01
0.01
-0.01
0.01
-0.01
0.01
0.37
1
4
10
0.77
0.01
0.16
-0.01
0.01
-0.01
0.01
0.06
-0.01
0.01
-0.01
0.01
-0.01
0.01
-0.01
0.01
-0.01
0.01
0.57
5.42
0.01
0.1
2.9
5
2.23
0.88
1.19
0.63
-0.01
-0.04
-0.01
-0.15
-0.01
0.01
-0.01
0.01
0.28
-0.01
0.01
-0.01
0.01
-0.01
0.01
0.37
0.47
0.01
0.01
1.75
3.17
0.71
0.28
-6.3
0.11
3.99
0.13
0.95
2.51
1.19
0.43
0.22
2.06
0.4
0.54
0.26
-8.7
-0.01
2.06
4.18
0.31
0.3
0.6
3.99
0.14
-4.74
0.03
0.52
1.52
-1.33
0.57
-0.01
1.56
2.07
2.46
0.01
-0.01
0.01
0.76
0.01
0.01
-0.41
0.01
0.83
1.21
0.4
-0.05
-0.46
0.12
0.28
0.02
-0.32
0.01
-0.01
0.01
-0.01
0.01
-0.01
0.01
-0.01
-0.2
0.01
-0.01
0.01
-0.01
0.01
-0.01
0.01
-0.01
0.01
-0.01
0.01
-0.01
0.01
-0.01
0.01
-0.01
-2.49
-2.5
-0.01
-1
0.01
-0.01
-2.49
-2.51
-4.69
-0.01
-3.57
0.01
0.01
0.24
2.81
3.71
-0.01
1.48
0.01
0.01
-0.01
0.01
-0.01
0.01
-0.01
0.01
-0.01
0.01
-0.01
0.01
5.58
0.12
-0.19
2.33
-0.02
-2.31
0.42
0.97
-1.67
-0.01
0.01
-0.07
-0.28
-0.1
0.09
0.12
-0.5
-0.14
-0.05
-0.02
-0.86
0.01
-0.01
0.01
-0.02
-0.01
-4.9
-0.01
0.01
-0.01
0.01
-0.01
0.01
-0.01
-2.15
0.66
-0.01
0.01
-0.01
0.01
0.01
1.49
0.58
-0.19
1.11
1.66
7.81
0.01
-0.01
0.01
0.36
0.15
0.01
0.31
-0.01
0.01
-0.01
0.01
-0.01
0.01
-0.01
0.01
-0.01
0.01
-0.01
0.01
-0.01
0.01
-0.01
0.01
-0.01
0.01
0.58
0.01
-0.44
0.05
-0.01
0.01
-0.01
0.01
-0.01
0.01
-0.01
-0.19
-0.01
0.01
-0.01
0.01
-0.01
0.01
-0.01
-0.1
-0.2
0.01
-0.01
-1
-2.49
-1.5
0.09
-0.06
0.64
1.03
-0.64
-1.07
-4.99
0.02
0.01
-0.01
0.01
-0.01
0.01
-0.01
0.01
-0.01
0.01
-0.01
0.01
-0.01
-0.02
0.01
-0.01
-0.01
-1.87
-0.01
0.03
-1.19
2.11
-2.11
-0.01
-0.01
-5.2
-0.02
-0.58
-0.55
-0.59
-1
-1.57
-7.43
-3.51
-0.01
-1.48
-3.48
-0.28
0.02
-0.01
-0.26
-0.98
1.21
-0.12
0.01
1.64
-0.38
1.2
7.04
1.82
-0.01
0.01
-0.01
2.68
3.56
0.01
-0.01
-0.02
0.04
-1.62
-0.01
0.01
-0.01
0.01
-0.01
0.01
-0.01
-0.06
-0.01
0.01
-0.01
0.01
0.01
-0.01
0.01
0.24
1.43
0.01
-0.01
0.01
-0.01
0.01
0.51
0.8
0.01
-0.01
-1.31
-0.01
1.33
-1.32
-0.01
0.01
-0.01
0.01
-0.01
-2.49
-1.16
3.66
0.51
0.01
-2.88
3.2
-0.67
-0.14
1.86
0.01
0.42
3.59
-4.8
1.2
3.61
-6
2.48
0.1
1.72
0.86
-4.66
2.99
-0.4
0.41
0.01
0.79
-0.66
0.75
-0.89
-0.84
-1.26
2.79
-0.11
-0.1
0.29
-0.01
-0.08
-0.2
0.2
-0.01
0.01
0.22
0.76
5.15
0.01
0.56
0.01
0.51
0.02
4.97
0.01
0.39
1.6
0.01
0.88
2.12
-0.02
0.01
0.01
0.01
0.3
0.9
3.78
-2.28
2.19
-0.07
0.11
0.01
-0.01
0.01
-0.01
0.01
-0.01
0.01
-0.01
0.01
0.04
0.01
0.99
0.01
0.37
3.23
0.02
-0.04
-0.01
0.01
-0.01
0.01
-0.01
0.01
-0.01
0.01
-0.01
0.01
-0.01
0.01
-0.01
0.01
0.02
-0.03
0.01
-0.01
0.01
-0.01
0.01
-0.01
0.01
-0.01
0.01
-0.01
0.01
-0.01
0.01
-0.01
0.01
-0.01
0.01
-0.01
-4.56
1.74
0.33
2.5
-4.58
-5
-5.43
0.17
7.26
-7.82
0.11
5.58
0.05
0.07
0.08
-5.16
7.88
-7.86
7.67
-7.59
7.52
-7.49
4.96
2.39
-6.68
3.41
3.27
-6.78
-0.05
5.05
-0.01
0.01
0.57
0.01
1.81
3.41
3.17
-0.01
0.01
-0.01
0.01
-0.01
0.01
-0.01
0.01
-0.01
-0.57
-1.92
-4.4
0.08
0.02
6.21
-0.01
-2.49
-3.69
-0.05
5.23
0.92
-5.47
-0.02
3.61
0.96
1
0.01
0.01
-0.01
-0.01
0.01
-0.01
-2.49
-1.54
4
0.01
-0.01
-0.01
-0.01
0.02
0.01
-0.01
0.01
0.04
-0.01
0.01
-0.01
0.01
0.01
-0.01
0.01
0.13
0.13
0.3
-0.01
-0.25
-0.29
-0.01
0.01
-0.02
-0.01
0.01
-0.01
0.01
-0.01
-0.09
-2.4
-1.55
-0.01
-1.05
-0.04
-0.07
0.01
0.06
-0.07
-1.02
-0.01
-2.58
-0.01
-0.06
-0.1
-0.6
-0.01
4.47
-0.01
0.01
0.01
-2.5
-2.36
-0.01
-0.33
-0.96
0.01
1.39
0.01
4.37
-0.01
0.01
-0.01
0.01
0.26
-2.25
-0.01
2.24
0.02
0.12
-0.01
-1.48
0.01
0.01
1.47
-0.01
0.01
-0.01
0.01
-0.01
0.01
0.13
0.15
0.85
2.48
0.25
0.27
0.93
-0.01
-0.72
-0.21
-0.11
1.05
-0.01
0.01
0.07
0.58
0.01
0.41
2.32
0.72
1.36
0.08
0.48
0.02
0.01
0.43
-7.57
6.67
-0.04
-0.01
0.01
1.01
0.08
-0.01
0.01
-0.01
0.01
0.58
1.1
-1.68
2.01
-0.01
-2
-0.01
0.01
3.03
0.54
0.85
0.01
-0.01
0.01
0.08
0.76
1.15
0.79
0.22
-0.01
0.01
-0.01
0.01
-0.01
0.01
-0.01
0.01
-0.01
0.01
-0.01
0.01
1
1
4.49
0.01
0.07
4.93
0.38
0.01
0.01
0.1
0.18
-0.29
1.43
0.01
-0.01
0.01
-0.01
0.01
-0.01
0.01
-0.01
0.01
-0.01
0.01
-0.01
0.01
-0.01
-0.02
-0.29
-0.01
-1.33
-4.67
0.01
-0.01
-5.33
-1.67
-0.01
-0.01
-2.97
-0.01
-0.7
-0.38
0.07
-0.01
-0.05
0.04
0.01
-0.05
0.06
-0.06
0.06
1.01
-1.01
-0.01
0.02
-0.01
-0.89
-0.1
-2.15
-0.16
3.29
-0.56
-3.02
1.2
-0.57
1.21
-1.71
-0.01
0.01
-0.01
-0.01
-0.51
-1.78
-0.01
-0.06
-0.72
-0.12
-1.13
-1.18
-1.64
-2.91
-0.32
-0.13
-1
-0.14
-1.26
11.88
-0.01
-0.03
-18.07
-2.99
-0.91
-5.66
-1.81
-0.79
-0.41
-1.22
31.71
0.01
-5.9
-4.86
4.64
-0.09
-6.18
-1.19
0.01
3.5
-0.01
-1.33
-1.43
-0.26
-0.46
-0.01
-0.01
-0.72
-2.2
2.49
-0.35
-3.77
0.72
-0.11
-0.2
-4.5
3.33
-3.01
-3.04
-0.01
-1.03
-1.25
-0.01
-0.01
-0.16
-1.06
-1.93
-2.88
-1.02
-0.68
-1.46
-2.7
-0.03
19.86
-0.01
-0.06
-1.77
-1.38
-2.23
-0.01
-0.01
-1.23
-2.08
-0.01
-0.13
-0.8
-0.23
-4.07
-0.01
-0.23
-0.62
-0.01
-0.1
-1.32
-0.45
-0.47
-2.76
-0.23
-4.77
-1.55
-0.32
-0.09
4.21
17.49
-0.01
-6.48
-4.41
-0.33
-4.51
6.09
8.91
-0.01
0.01
0.74
0.26
4.99
0.01
-0.01
0.01
0.07
-4.44
-8.07
-0.04
8.8
-9.53
-0.12
-1.67
-3.12
-0.72
-0.03
-0.01
-0.1
-0.8
7.28
0.01
6.41
-10.96
-7.96
-2.72
-2.98
-10.77
32.75
-22.57
-0.02
26.3
0.01
2.47
-5.97
2.17
0.01
0.02
-1.03
-0.01
-6.43
-1.22
3.76
-0.03
-2.92
-0.82
-4.33
-0.9
-2.52
12.03
-3.47
2.86
-0.75
-0.01
0.01
0.01
-0.01
0.58
0.5
1.88
0.17
-0.17
0.16
0.01
0.01
1.1
0.97
0.01
1.71
-1.82
1.31
-0.99
0.76
0.84
0.02
0.03
0.03
0.7
0.14
-0.39
0.61
0.1
-0.01
0.01
-0.01
-0.71
0.3
-0.01
-0.77
-0.81
-0.06
-0.69
-0.32
-0.58
-0.01
-0.02
0.48
-0.48
0.01
0.01
0.51
1.62
-1.88
-0.26
0.24
0.01
-0.01
-0.24
-0.01
0.01
-0.01
-0.48
-0.98
-0.01
-0.16
-2.55
-0.38
-0.01
-0.02
-0.34
-1.4
-9.07
-2.1
-1.31
-0.01
-0.01
0.01
-0.01
-1.82
-1.84
-0.53
-0.49
-1.87
0.9
-0.91
-0.97
-0.76
-0.02
-0.36
0.06
-0.06
0.01
-0.01
-3.21
-0.01
-5.1
-1.25
-0.13
-0.26
-0.04
-1.78
-0.01
-1.49
-1.02
-0.7
4.43
-4.43
0.05
-0.05
1.64
-1.56
-0.08
-0.9
-0.57
-0.21
-1.02
-2.3
-2.44
-1.56
-0.77
-0.23
-1.88
-0.1
-1.02
-1
-0.03
-0.97
-0.01
-0.1
-0.89
-0.99
-4.63
-0.54
-0.84
-0.09
-0.65
-0.06
-0.08
-0.12
-0.41
-0.71
-2.88
-1.67
-4.33
-0.59
-0.41
-3.42
-1.58
-0.52
-0.85
-0.52
-0.03
-0.33
-0.46
-0.7
-0.15
-0.44
-0.49
-2.8
-1.42
-0.68
-0.85
-1.21
-0.45
-1.1
-0.88
-0.12
-1
-0.39
-0.51
-0.09
-0.4
-2.61
-0.79
-0.11
-5.1
-0.57
-2.67
-0.61
-0.15
-0.35
14.35
-0.01
-0.33
-0.01
0.29
-0.14
-0.13
0.14
0.14
-0.14
0.06
0.08
0.03
-0.18
0.01
-0.01
-0.42
-0.87
-0.65
-2.72
-2.15
-0.4
-11.59
-0.19
-0.01
-0.45
-0.04
11.25
6.06
2.19
-2.19
-1.3
2.77
0.01
-0.73
-0.72
1.44
-10.07
0.01
10.04
0.01
-5.03
-0.01
-0.39
-4.6
-0.01
-0.01
5.01
-2.5
0.01
-2.39
-7.31
-0.01
5.26
0.01
0.01
0.07
-0.01
-0.08
-7.1
7.56
0.21
0.01
0.32
0.51
1.38
0.01
0.3
2.67
-0.05
0.17
0.41
-0.57
-1.36
-1.25
-0.01
-0.31
1.57
-1.56
-1.01
3.72
-1.75
-0.01
-0.68
-0.24
-0.03
-13.01
-0.1
-5.88
-0.02
-0.1
-0.9
-0.96
-1.86
-2.18
-1.21
-0.74
-1.55
-0.11
-0.36
-0.03
-1
-0.81
-2
-0.65
-0.54
-3.19
-0.81
-0.15
-0.85
-1
-0.24
-1.58
-0.18
-0.05
-0.95
-0.6
-0.23
-0.17
-0.24
-2.76
-1.86
-0.14
-0.01
-0.29
-0.1
-0.08
-0.52
-1.73
-0.25
-0.02
-0.09
-0.14
-1.55
-0.22
-1.06
-1.65
-0.93
-0.36
-0.05
-0.94
-1.85
-4.58
-1.22
-2.36
-1
-3.06
-1.69
-1.88
-3.37
-3.24
-2.38
-2.3
2.92
5
10
10
25.19
15.84
-15.84
-0.01
10.78
-13.54
-0.01
1.41
-1.33
-3.33
5
0.3
-0.01
0.75
-0.89
-0.01
-1.63
-0.26
-0.04
-0.02
-2.34
-0.01
-2.59
-0.04
-0.05
6.99
-3.63
-0.27
3.37
-0.01
-0.01
-4.8
0.02
-1.86
-5.49
-0.21
-1.42
-0.59
-2.29
-0.19
-1.57
-1.7
-0.59
-0.01
-0.44
-4.08
-2.35
-1.32
-0.69
-2.51
-0.35
-1.3
-0.01
-0.01
-1
-0.07
-11.57
-2.36
-2.78
-1.93
-0.27
-3.02
-6
-1
-0.8
-0.2
-1
-0.95
-0.34
-1.71
-0.01
-1.99
-2
-0.2
-4.34
-0.31
-0.89
-0.25
-0.01
-0.52
-3.48
-1
-3
-0.82
-0.05
-0.13
-0.46
-0.54
-0.96
-0.04
-0.06
-0.94
-2
-1
-0.3
-2.7
-0.01
-1.79
-1.35
-1.85
-0.89
-0.04
-0.07
-0.02
-0.34
-0.45
-0.19
-1
-0.83
-0.17
-0.01
-0.93
-0.04
-1.8
-0.22
-0.12
-0.86
-2.02
-0.3
-0.01
-0.58
-0.11
-0.01
-0.92
-0.06
-0.01
25
27
7
50.9
0.1
2.75
0.01
0.99
0.25
1.71
1.16
-6.97
6.97
-6.98
-3.47
3.46
-0.01
-0.02
-3.4
-0.03
3.19
-0.18
-2.78
0.08
-0.3
-0.1
-5.58
-0.01
-0.05
-0.69
-2.16
-0.62
-2.94
-1.36
-0.69
-2.8
-6.25
-1.22
-1.48
19.93
-0.01
-2.43
-1.22
1.11
-0.01
0.12
-0.01
-0.33
1.89
-0.4
-0.4
-0.42
-0.09
-0.37
0.01
2.12
-0.01
0.04
0.02
-0.08
0.66
0.22
5.26
0.02
0.01
-3.84
3.72
-3.71
-0.01
-1.22
-0.5
0.01
-0.2
-0.19
-0.44
0.77
1.5
-2.2
2.18
0.01
0.96
-0.8
-0.12
4.03
0.01
0.03
0.17
0.01
0.06
0.01
0.05
1.1
1.69
0.81
1.21
0.27
-1.97
-0.01
1
2.45
0.61
1.2
-0.09
0.36
4.1
0.42
-0.42
0.43
2.62
1.5
-0.01
0.01
1.85
0.53
0.01
0.29
1.96
0.04
0.27
1.47
-4.58
-0.01
-2.87
-0.46
-0.01
-2.16
-0.01
-0.88
-0.52
-5.88
-1.71
5.05
-0.01
-4.38
-0.01
-0.06
0.39
-0.01
-0.36
-0.01
-0.82
1.2
0.01
-0.01
-0.01
0.01
-0.01
0.01
-0.01
0.01
-0.01
0.01
0.01
4.02
0.03
7.3
0.59
-7.21
10.36
0.49
1.21
1.21
-0.01
0.01
-0.01
0.01
-0.01
0.01
3.68
0.49
0.57
0.55
1.4
0.01
-0.01
0.01
-0.01
0.01
-0.01
0.01
-0.01
0.01
-0.01
-0.01
-0.03
-0.01
0.01
-0.01
-0.14
-2.99
-1.41
-2.07
-0.01
0.01
-0.01
-0.03
-4.25
-0.54
-0.08
0.01
-0.01
-0.35
-4
0.01
-0.51
-0.27
-5.3
0.01
-0.01
0.01
-0.01
0.01
-0.01
0.01
-0.01
-0.55
-0.15
0.49
-2.56
-0.01
-1.5
1.28
-1.27
-0.01
0.01
-0.01
0.01
-0.01
0.01
-0.01
0.01
-0.01
0.01
3.57
0.09
0.88
0.03
-0.01
0.01
-0.01
0.39
0.01
0.26
-0.27
-0.01
-0.1
0.03
-0.3
-0.01
-0.01
-2.09
0.01
-0.01
0.01
-0.01
0.01
-0.01
0.01
-0.01
0.01
-0.01
0.01
-0.01
-0.01
-2.88
-10
-2.15
-3.41
-1.89
-0.01
-1.95
-0.59
-1.95
-4.4
-2.3
-3.53
5.13
-5.94
-0.72
6.63
0.01
-0.01
-0.05
-6.57
-3.91
-0.69
-0.01
-1.69
-0.75
-4.98
-1.02
3.28
-1.27
-4.47
-0.03
-1.76
-0.51
-1.22
-3.6
-1.67
13.88
-2.86
-0.01
0.04
-5.32
-0.13
-5.55
-0.01
-2.04
-0.52
-0.01
7.84
-7.19
-0.66
12.42
-4.28
-1.17
-3.94
3.95
4.05
1.43
0.38
-2.18
0.41
9.47
1.18
1.46
-11.9
1.55
7.61
-6.9
10.7
0.01
-10.72
0.01
10.7
0.26
4.31
1.19
0.01
0.42
0.08
0.01
0.02
3.88
-0.95
1.25
0.72
2.15
0.34
0.97
0.96
0.01
0.34
-0.53
-0.01
0.01
-0.01
-6.2
6.14
0.01
0.06
0.54
0.32
2.37
-3.23
4.51
0.05
4.3
1
1
-0.01
-2
-4.3
-4.09
10.39
-0.04
-0.26
-1.58
-0.01
0.01
0.88
-0.04
0.05
1
3.11
5.89
2.3
0.2
-0.01
-0.01
-6.41
0.03
0.9
4
-1
0.99
-0.01
0.01
-0.01
0.01
-0.01
-0.99
-1.72
0.01
-1.45
0.54
-0.01
-1.29
-4.72
0.26
-0.62
-0.03
-0.69
3.09
-1.91
-0.02
1.87
-2.53
-0.03
-0.19
-0.28
0.51
-0.84
-0.83
1.59
-0.01
-1.62
0.01
-0.01
0.01
-0.01
0.01
-0.01
0.01
-0.01
0.01
-0.01
0.01
-0.01
0.01
0.56
0.36
-0.01
0.01
-0.01
0.01
-0.01
0.01
-0.01
0.01
-0.01
0.01
-0.01
0.01
-0.01
-0.92
-0.07
0.01
-0.01
0.01
-0.01
-1.07
-1.93
-1
0.01
-0.01
-2.16
4.16
0.01
0.49
1.51
-6.15
0.25
-0.28
-0.83
-2
2.77
0.67
-0.01
0.01
-0.01
-0.43
0.01
-0.01
-6.91
2.26
-0.01
0.01
-0.01
0.01
-0.01
-4.41
-0.72
0.09
-0.3
-1.88
-0.12
-0.66
-3.18
-0.01
-0.59
0.6
-0.6
0.63
-0.01
-4.48
-0.59
0.03
0.09
1.24
-1.36
-0.67
0.01
2.02
0.01
-0.51
0.01
-0.02
-2.65
-0.01
3.16
0.01
-3.15
-0.15
-0.01
-0.01
-0.17
-0.38
-1.82
-1.78
7.37
-5.6
-0.01
1.23
-0.01
0.01
0.01
1.74
-0.01
-0.04
-0.08
1.39
-0.01
-0.5
0.51
1
4
-0.01
3.07
-0.01
0.01
0.94
0.01
-0.01
0.01
-0.01
0.01
4.98
0.86
2.64
0.79
-7.1
-1.98
9.08
-0.24
0.22
-4.23
4.26
-0.06
0.06
0.7
0.01
0.28
-4.75
5.37
1.44
0.01
-0.01
0.01
-0.01
0.01
-0.01
0.28
-0.01
0.01
0.01
3.37
0.86
2.14
-0.35
0.35
-0.01
0.01
-0.01
0.01
-0.01
0.01
-2.49
-0.01
0.01
-0.01
0.01
-0.01
0.01
0.01
0.48
-0.01
-2.49
2.4
-5.59
-0.2
-0.01
0.25
5.22
0.03
-4
0.12
-0.01
-0.1
-0.15
-2.06
1.58
-1.58
4.29
2.11
0.05
-0.15
-0.01
0.16
-1.75
1.75
0.01
0.08
0.05
-0.99
1
-0.01
0.01
-0.01
0.01
-0.01
0.01
-0.01
0.01
0.09
0.4
0.01
-0.01
0.01
0.49
0.01
0.99
0.01
-0.01
0.01
-0.01
0.01
-0.01
0.01
-0.01
0.01
-0.01
0.01
-0.01
0.01
-0.01
0.01
-0.01
0.01
-0.01
0.01
-0.01
0.01
-0.01
0.01
-0.01
0.01
-0.01
0.01
-0.01
-0.01
-0.03
-0.45
0.01
-0.01
-1.01
-1.48
-3
-0.01
0.01
-0.01
-0.14
-11.85
-1.01
-1.52
-3.98
-0.24
2.87
-0.01
0.01
-0.01
0.01
-0.01
0.01
0.01
11.65
-8.09
-0.11
6.8
-1.39
1.3
-3.36
6.06
1.18
0.02
-7.24
7.16
0.01
0.07
-0.59
-0.41
-0.01
-3.49
3.3
0.68
-0.01
0.56
-1.03
-0.01
0.01
-0.01
0.01
-0.01
-1.82
-4.77
6.39
-0.29
-4.94
4.93
-0.1
-4.2
3.57
-2.53
2.52
0.01
1.23
0.01
-0.01
0.01
-0.01
0.01
-0.01
0.01
-0.01
0.01
0.8
0.31
5.81
-0.01
0.01
0.56
1.32
0.99
0.01
-0.01
0.01
-0.01
0.01
-0.01
-0.01
-1.78
1.78
0.02
-0.01
0.01
-0.01
0.01
-0.01
0.01
-0.01
0.01
-0.01
0.01
-0.01
0.01
-0.01
0.01
-0.01
0.01
-0.01
0.01
-0.01
0.01
-0.01
0.01
-0.01
0.01
-0.01
0.01
-0.01
0.01
-0.01
0.01
-0.01
0.01
-0.01
0.01
-0.01
-0.49
0.48
-0.47
-0.01
-0.01
-1.99
-0.5
-1
-1
-2
-0.49
-0.28
0.01
-0.01
-1.83
-0.02
-0.19
-0.19
-0.26
-3.21
-0.4
-1.39
-0.95
-1.72
-0.07
0.01
-0.01
0.01
-0.01
0.01
6.69
-5.2
-0.01
-0.08
-0.13
5.38
0.03
0.01
-1.89
-0.01
1.9
-0.01
0.01
0.3
5.1
-2.3
-0.37
0.42
-2.41
0.12
0.23
2.78
-2.47
-0.01
-0.13
-0.01
-0.97
-0.01
-1.53
0.54
-2.68
0.01
0.04
0.01
-0.06
0.01
0.08
0.01
0.59
0.01
1.88
4.7
0.01
1.29
3.12
1
0.38
0.62
0.39
0.51
0.09
0.01
-0.01
0.01
-0.01
0.01
0.08
0.48
1.07
0.37
3
-0.01
0.01
2.31
1.05
0.04
0.76
0.84
1.45
-1.45
1.72
1.61
-0.01
0.01
0.18
0.32
-0.45
1.97
0.15
0.01
1.38
0.89
0.22
0.15
0.35
0.48
0.02
1
-0.01
0.01
-0.01
0.01
1.27
-0.01
0.01
-0.01
0.01
-0.01
0.01
-0.01
-2.25
-0.01
0.01
-0.01
-0.01
0.01
-0.01
-3.72
-0.01
-2.46
-0.66
-0.01
-4.34
4.35
-0.01
-6.12
0.01
6.07
-5.98
0.01
-0.01
-0.11
0.01
7.18
1.81
0.1
-0.05
-2.55
-6.02
4.22
-0.61
-3.14
2.08
-0.13
-0.38
-0.14
-1.59
-0.53
-0.24
-0.01
-0.01
0.01
-0.01
-0.99
0.01
1
0.31
0.67
-0.01
0.01
-0.01
0.01
-0.01
0.01
-0.01
0.01
-0.01
0.01
-0.01
0.01
-0.01
0.01
-0.01
0.01
-0.01
0.01
-0.01
0.01
-0.01
-2.22
-0.01
0.01
-0.01
-2.49
-1.22
-0.43
0.01
-0.01
-0.62
-1
-0.86
-1.48
2.27
-4.42
-0.01
-4.5
0.04
3.71
-3.61
0.34
2.84
0.08
6.49
-0.01
-0.8
-0.01
-1.69
-0.05
-0.6
-3.41
0.03
5.54
0.11
-0.12
0.11
0.01
-4.19
0.12
0.32
0.01
0.05
0.01
-0.01
0.01
0.67
-0.01
0.01
-0.01
0.01
0.01
-0.01
0.01
-0.01
0.01
-0.01
0.01
0.98
-0.97
0.91
0.06
0.01
-0.97
0.98
-0.01
-0.99
-0.03
1.03
-1.05
-0.75
1.69
-0.83
0.74
0.2
-0.01
0.01
-0.5
-0.5
0.01
0.49
-0.25
0.05
0.01
-0.16
0.05
-0.02
-0.08
-0.1
-0.45
-0.55
-1
-2.73
0.25
-0.52
-0.63
-0.37
-0.64
-1.67
-2.68
-0.01
-0.12
-1.03
-0.33
-2.1
-0.88
-0.53
-0.01
3.52
-4.67
-2.85
-1
-5
-6.02
-6.08
19.54
-0.03
-0.02
-4.99
-0.01
-5
-10
-0.39
10.39
-5
-7.39
-1.02
-3.98
0.01
0.99
-1
0.01
-0.01
-1.71
-1.29
-2.37
-1.04
0.7
-0.7
-2.23
-0.36
-1
-1
-2
-2
5.23
-1.17
-2.16
-2.01
-2.77
-1.66
-1.94
-0.21
5.24
-6.55
-0.32
2.85
-3.35
-1.94
-1.57
0.01
-0.01
-0.02
-0.16
-1.38
-0.11
-0.01
2.21
-3.2
-2.67
-3.04
-0.17
5.89
-5.89
7.37
-10.49
-1
11.44
-2.16
-7.6
6.41
-5.53
-0.8
-0.03
6.82
-1.46
1.18
0.01
-0.14
0.12
0.02
2.13
1
1.29
-2.38
-0.01
1.01
-0.01
0.01
-0.01
0.01
0.83
0.17
0.33
-0.01
0.17
0.01
-0.01
0.01
-0.01
0.01
-0.01
0.01
-0.01
0.01
0.18
-0.18
0.18
2
1.18
0.82
3
-5.02
0.02
7.28
0.01
3.85
-10.65
7.54
-2.61
9.45
-9.4
9.39
0.01
0.13
3.57
0.99
2.45
1.29
1.7
0.01
0.19
0.01
0.51
0.81
0.01
-20.01
12.86
-9.87
5.49
6.1
2.54
-0.08
-0.01
-0.04
0.01
-0.01
0.05
2.97
6.7
1.76
1.99
0.01
3.03
-2.47
1
3.04
0.01
-0.06
-8.3
6.38
1.93
2.96
0.99
2.97
-1.02
-1.02
-1.98
-0.01
-0.08
-0.04
-0.01
-4.86
4.92
-3.05
-0.04
3.09
6.47
-5.12
5.12
1.18
2.97
1.24
-0.92
-0.01
0.01
-0.01
0.01
-0.01
0.01
-0.01
-0.56
-0.75
-8.09
0.17
-1
-0.01
-0.06
0.01
-0.01
0.01
-0.01
0.01
-0.01
0.01
-0.01
0.01
-0.01
0.01
-0.01
0.01
-0.01
-0.01
-0.04
-1.94
0.87
-0.01
0.12
0.01
0.21
0.8
0.01
1.97
-0.01
-3.99
-0.95
-0.05
-1.99
-0.01
-3.08
-0.92
-0.59
0.47
1.23
-0.12
-0.79
-0.22
-0.67
0.48
-0.48
-0.01
0.01
-0.01
0.01
-0.01
0.01
-0.01
0.01
0.7
0.01
8.98
0.2
3.54
2.85
0.41
3
1
2.37
1.63
3.54
1.46
0.78
-0.01
3.92
0.78
0.01
0.52
0.61
-0.01
0.01
-0.01
0.01
-0.01
0.01
-0.01
0.01
-0.01
0.01
-0.01
-0.01
-2.48
-12.23
-1.88
15.6
-0.01
0.01
-0.01
-19.71
19.71
-0.59
-5
2.58
0.99
-12.5
0.46
0.01
-0.01
0.01
-0.01
-1.53
-0.22
-2.91
4.52
0.01
-3.61
0.69
-0.7
-1.9
-3.49
-0.01
-2.38
-4.45
0.04
0.13
-0.17
-3.71
0.01
-0.01
0.01
-0.01
0.01
0.15
-0.01
0.01
3.55
4.15
-4.06
-2.49
-0.01
0.01
2.48
0.01
-0.01
0.01
-0.01
0.37
-0.01
0.01
-0.01
0.01
8.2
3.59
2.12
0.07
0.01
0.01
0.31
1.23
4.76
3.7
2.26
0.01
0.73
1.58
0.4
0.02
0.29
0.29
0.01
0.01
0.4
-0.01
0.01
-0.01
0.01
-0.01
0.01
-0.01
0.01
-0.01
-0.99
-1.5
-16.49
6.19
-0.34
-3.26
6.09
-5.69
5.65
0.01
0.14
-0.16
2.98
-2.47
-5.13
-0.81
-0.61
-1.11
10.05
0.03
-0.01
0.01
-0.01
0.01
-0.01
0.01
-0.01
0.01
-2.49
-0.13
-5.15
4.95
-0.15
-5.57
1.93
-1.05
-0.87
-0.01
0.01
-0.01
0.01
-0.01
-0.03
-0.92
-0.07
-0.01
0.01
-0.01
0.01
-0.01
0.01
-0.01
0.01
-0.01
0.01
-0.01
0.01
-0.01
0.01
-0.01
0.01
0.98
0.01
-0.01
0.01
5.9
4.1
0.37
0.42
-4.02
0.22
3.87
0.14
-0.22
0.22
-0.01
0.01
0.72
3.28
-1.85
1.84
4.01
-5.41
6.33
0.03
0.05
-0.01
-5.82
4.85
-0.01
0.01
0.98
0.64
2.84
0.85
2.66
0.01
2
1
0.74
1.26
1.83
1.46
1.51
1.96
0.12
0.12
1
0.11
-0.01
0.01
-0.01
0.01
-0.01
0.01
0.56
0.33
2.46
1.54
0.69
0.84
1.44
0.01
-0.01
0.01
-0.01
0.01
-0.01
-0.07
-0.9
-1.52
-2.02
-0.01
0.01
-0.01
-0.27
-0.26
-0.01
-0.36
-2.54
-0.01
-2.49
-1.97
-2.73
-0.01
0.01
-0.01
0.01
0.18
0.01
-0.01
0.01
-0.05
-0.14
-0.01
-0.54
-0.01
-0.01
-0.24
-1.68
-0.01
-0.21
-0.1
-0.93
-0.75
0.01
0.04
-0.05
0.01
0.14
3.92
0.5
0.11
-0.01
0.01
-0.01
0.01
-0.01
0.01
-0.01
0.01
-0.01
0.01
1.4
-0.01
0.01
-0.01
0.01
4.3
0.09
1.22
-0.01
0.01
-0.01
-5.52
-0.01
0.01
4.52
-0.02
0.01
0.01
-4.2
2.72
-2.57
-0.46
-0.01
0.01
-0.01
-0.01
0.01
-0.01
-1.47
-0.01
-0.99
-2
0.99
-0.81
-0.09
-0.21
-0.04
-0.59
0.59
0.08
0.01
-0.01
0.01
3.06
-0.01
-1.77
1.78
-2.07
2.06
0.9
-0.01
0.01
-0.01
0.01
-0.01
0.01
-0.01
0.01
-0.01
-2.49
-2.38
0.03
-0.02
0.01
0.01
-0.01
0.01
-0.01
0.01
-0.01
0.01
-0.01
0.01
-0.01
0.01
-0.01
0.01
-0.01
0.01
-0.01
0.01
-0.01
0.01
0.97
3.3
-2.45
-0.82
0.01
2.87
-3.86
2.65
-2.63
-0.01
0.01
0.93
0.62
-0.01
0.01
-0.01
0.01
-0.01
0.01
-0.01
0.01
4.17
0.01
-0.01
-0.5
-0.1
-0.01
0.82
-0.01
-2.49
-1.89
0.01
-0.01
0.01
-0.01
0.01
-0.01
0.01
-0.01
-0.61
-5
-1.88
-0.78
-1.34
-1
-0.99
-4.58
-0.08
-0.01
-0.01
0.16
2.51
-0.01
-0.03
-2.12
-0.3
0.01
0.05
-1.01
-0.01
-0.06
-2.67
-0.85
-1.56
-3
-5.35
0.02
-0.02
-0.09
-1.01
-1.49
-0.2
9.04
-0.01
-4.72
-0.01
